source_record_id,source_pointer,sigla_status,gorila_status,gorila_volume,gorila_viewer_page,gorila_source_url,inspected_case_ids,inspected_locators_json,rp1980_status,rp1994_status,rila_s1_status,rila_s1_source_url,rila_s1_candidate_section_start,reference_gap,physical_object_identity_certified
ARKH 1a,/documents/0,ATTRIBUTED_EXACT_SOURCE_RECORD,SOURCE_REPORTED_PAGE_LOCATOR,3,26,https://cefael.efa.gr/detail.php?site_id=1&actionID=page&serie_id=EtCret&volume_number=21&issue_number=3&sp=26,,[],UNRESOLVED_EDITION_CONTENT_NOT_ACQUIRED,UNRESOLVED_EDITION_CONTENT_NOT_ACQUIRED,UNRESOLVED_NOT_RECONCILED,,,,false
ARKH 1b,/documents/1,ATTRIBUTED_EXACT_SOURCE_RECORD,SOURCE_REPORTED_PAGE_LOCATOR,3,28,https://cefael.efa.gr/detail.php?site_id=1&actionID=page&serie_id=EtCret&volume_number=21&issue_number=3&sp=28,,[],UNRESOLVED_EDITION_CONTENT_NOT_ACQUIRED,UNRESOLVED_EDITION_CONTENT_NOT_ACQUIRED,UNRESOLVED_NOT_RECONCILED,,,,false
ARKH 2,/documents/2,ATTRIBUTED_EXACT_SOURCE_RECORD,SOURCE_REPORTED_PAGE_LOCATOR,3,30,https://cefael.efa.gr/detail.php?site_id=1&actionID=page&serie_id=EtCret&volume_number=21&issue_number=3&sp=30,,[],UNRESOLVED_EDITION_CONTENT_NOT_ACQUIRED,UNRESOLVED_EDITION_CONTENT_NOT_ACQUIRED,UNRESOLVED_NOT_RECONCILED,,,,false
ARKH 3a,/documents/3,ATTRIBUTED_EXACT_SOURCE_RECORD,SOURCE_REPORTED_PAGE_LOCATOR,3,32,https://cefael.efa.gr/detail.php?site_id=1&actionID=page&serie_id=EtCret&volume_number=21&issue_number=3&sp=32,,[],UNRESOLVED_EDITION_CONTENT_NOT_ACQUIRED,UNRESOLVED_EDITION_CONTENT_NOT_ACQUIRED,UNRESOLVED_NOT_RECONCILED,,,,false
ARKH 3b,/documents/4,ATTRIBUTED_EXACT_SOURCE_RECORD,SOURCE_REPORTED_PAGE_LOCATOR,3,34,https://cefael.efa.gr/detail.php?site_id=1&actionID=page&serie_id=EtCret&volume_number=21&issue_number=3&sp=34,,[],UNRESOLVED_EDITION_CONTENT_NOT_ACQUIRED,UNRESOLVED_EDITION_CONTENT_NOT_ACQUIRED,UNRESOLVED_NOT_RECONCILED,,,,false
ARKH 4a,/documents/5,ATTRIBUTED_EXACT_SOURCE_RECORD,SOURCE_REPORTED_PAGE_LOCATOR,3,36,https://cefael.efa.gr/detail.php?site_id=1&actionID=page&serie_id=EtCret&volume_number=21&issue_number=3&sp=36,,[],UNRESOLVED_EDITION_CONTENT_NOT_ACQUIRED,UNRESOLVED_EDITION_CONTENT_NOT_ACQUIRED,UNRESOLVED_NOT_RECONCILED,,,,false
ARKH 4b,/documents/6,ATTRIBUTED_EXACT_SOURCE_RECORD,SOURCE_REPORTED_PAGE_LOCATOR,3,38,https://cefael.efa.gr/detail.php?site_id=1&actionID=page&serie_id=EtCret&volume_number=21&issue_number=3&sp=38,,[],UNRESOLVED_EDITION_CONTENT_NOT_ACQUIRED,UNRESOLVED_EDITION_CONTENT_NOT_ACQUIRED,UNRESOLVED_NOT_RECONCILED,,,,false
ARKH 5,/documents/7,ATTRIBUTED_EXACT_SOURCE_RECORD,SOURCE_REPORTED_PAGE_LOCATOR,3,40,https://cefael.efa.gr/detail.php?site_id=1&actionID=page&serie_id=EtCret&volume_number=21&issue_number=3&sp=40,,[],UNRESOLVED_EDITION_CONTENT_NOT_ACQUIRED,UNRESOLVED_EDITION_CONTENT_NOT_ACQUIRED,UNRESOLVED_NOT_RECONCILED,,,,false
ARKH 6,/documents/8,ATTRIBUTED_EXACT_SOURCE_RECORD,SOURCE_REPORTED_PAGE_LOCATOR,3,42,https://cefael.efa.gr/detail.php?site_id=1&actionID=page&serie_id=EtCret&volume_number=21&issue_number=3&sp=42,,[],UNRESOLVED_EDITION_CONTENT_NOT_ACQUIRED,UNRESOLVED_EDITION_CONTENT_NOT_ACQUIRED,UNRESOLVED_NOT_RECONCILED,,,,false
ARKH 7,/documents/9,ATTRIBUTED_EXACT_SOURCE_RECORD,SOURCE_REPORTED_PAGE_LOCATOR,3,42,https://cefael.efa.gr/detail.php?site_id=1&actionID=page&serie_id=EtCret&volume_number=21&issue_number=3&sp=42,,[],UNRESOLVED_EDITION_CONTENT_NOT_ACQUIRED,UNRESOLVED_EDITION_CONTENT_NOT_ACQUIRED,UNRESOLVED_NOT_RECONCILED,,,,false
GO 2a,/documents/10,ATTRIBUTED_EXACT_SOURCE_RECORD,SOURCE_POINTS_TO_LATER_EDITION,,,,,[],UNRESOLVED_EDITION_CONTENT_NOT_ACQUIRED,UNRESOLVED_EDITION_CONTENT_NOT_ACQUIRED,SOURCE_REPORTED_PUBLICATION_SECTION_CANDIDATE,https://editions.efa.gr/?r=publication&id=1050,5,,false
GO 2b,/documents/11,ATTRIBUTED_EXACT_SOURCE_RECORD,SOURCE_POINTS_TO_LATER_EDITION,,,,,[],UNRESOLVED_EDITION_CONTENT_NOT_ACQUIRED,UNRESOLVED_EDITION_CONTENT_NOT_ACQUIRED,SOURCE_REPORTED_PUBLICATION_SECTION_CANDIDATE,https://editions.efa.gr/?r=publication&id=1050,5,,false
GO Wc 1a,/documents/12,ATTRIBUTED_EXACT_SOURCE_RECORD,SOURCE_REPORTED_PAGE_LOCATOR,2,64,https://cefael.efa.gr/detail.php?site_id=1&actionID=page&serie_id=EtCret&volume_number=21&issue_number=2&sp=64,,[],UNRESOLVED_EDITION_CONTENT_NOT_ACQUIRED,UNRESOLVED_EDITION_CONTENT_NOT_ACQUIRED,UNRESOLVED_NOT_RECONCILED,,,,false
GO Wc 1b,/documents/13,ATTRIBUTED_EXACT_SOURCE_RECORD,SOURCE_REPORTED_PAGE_LOCATOR,2,64,https://cefael.efa.gr/detail.php?site_id=1&actionID=page&serie_id=EtCret&volume_number=21&issue_number=2&sp=64,,[],UNRESOLVED_EDITION_CONTENT_NOT_ACQUIRED,UNRESOLVED_EDITION_CONTENT_NOT_ACQUIRED,UNRESOLVED_NOT_RECONCILED,,,,false
HS Zg 1,/documents/14,ATTRIBUTED_EXACT_SOURCE_RECORD,SOURCE_REPORTED_PAGE_LOCATOR,5,68,https://cefael.efa.gr/detail.php?site_id=1&actionID=page&serie_id=EtCret&volume_number=21&issue_number=5&sp=68,,[],UNRESOLVED_EDITION_CONTENT_NOT_ACQUIRED,UNRESOLVED_EDITION_CONTENT_NOT_ACQUIRED,UNRESOLVED_NOT_RECONCILED,,,,false
HT 1,/documents/15,ATTRIBUTED_EXACT_SOURCE_RECORD,SOURCE_REPORTED_PAGE_LOCATOR,1,38,https://cefael.efa.gr/detail.php?site_id=1&actionID=page&serie_id=EtCret&volume_number=21&issue_number=1&sp=38,,[],UNRESOLVED_EDITION_CONTENT_NOT_ACQUIRED,UNRESOLVED_EDITION_CONTENT_NOT_ACQUIRED,UNRESOLVED_NOT_RECONCILED,,,,false
HT 100,/documents/16,ATTRIBUTED_EXACT_SOURCE_RECORD,SOURCE_REPORTED_PAGE_LOCATOR,1,200,https://cefael.efa.gr/detail.php?site_id=1&actionID=page&serie_id=EtCret&volume_number=21&issue_number=1&sp=200,,[],UNRESOLVED_EDITION_CONTENT_NOT_ACQUIRED,UNRESOLVED_EDITION_CONTENT_NOT_ACQUIRED,UNRESOLVED_NOT_RECONCILED,,,,false
HT 101,/documents/17,ATTRIBUTED_EXACT_SOURCE_RECORD,SOURCE_REPORTED_PAGE_LOCATOR,1,202,https://cefael.efa.gr/detail.php?site_id=1&actionID=page&serie_id=EtCret&volume_number=21&issue_number=1&sp=202,,[],UNRESOLVED_EDITION_CONTENT_NOT_ACQUIRED,UNRESOLVED_EDITION_CONTENT_NOT_ACQUIRED,UNRESOLVED_NOT_RECONCILED,,,,false
HT 102,/documents/18,ATTRIBUTED_EXACT_SOURCE_RECORD,SOURCE_REPORTED_PAGE_LOCATOR,1,204,https://cefael.efa.gr/detail.php?site_id=1&actionID=page&serie_id=EtCret&volume_number=21&issue_number=1&sp=204,,[],UNRESOLVED_EDITION_CONTENT_NOT_ACQUIRED,UNRESOLVED_EDITION_CONTENT_NOT_ACQUIRED,UNRESOLVED_NOT_RECONCILED,,,,false
HT 103,/documents/19,ATTRIBUTED_EXACT_SOURCE_RECORD,SOURCE_REPORTED_PAGE_LOCATOR,1,206,https://cefael.efa.gr/detail.php?site_id=1&actionID=page&serie_id=EtCret&volume_number=21&issue_number=1&sp=206,,[],UNRESOLVED_EDITION_CONTENT_NOT_ACQUIRED,UNRESOLVED_EDITION_CONTENT_NOT_ACQUIRED,UNRESOLVED_NOT_RECONCILED,,,,false
HT 104,/documents/20,ATTRIBUTED_EXACT_SOURCE_RECORD,SOURCE_REPORTED_PAGE_LOCATOR,1,206,https://cefael.efa.gr/detail.php?site_id=1&actionID=page&serie_id=EtCret&volume_number=21&issue_number=1&sp=206,,[],UNRESOLVED_EDITION_CONTENT_NOT_ACQUIRED,UNRESOLVED_EDITION_CONTENT_NOT_ACQUIRED,UNRESOLVED_NOT_RECONCILED,,,,false
HT 107,/documents/21,ATTRIBUTED_EXACT_SOURCE_RECORD,SOURCE_REPORTED_PAGE_LOCATOR,1,210,https://cefael.efa.gr/detail.php?site_id=1&actionID=page&serie_id=EtCret&volume_number=21&issue_number=1&sp=210,,[],UNRESOLVED_EDITION_CONTENT_NOT_ACQUIRED,UNRESOLVED_EDITION_CONTENT_NOT_ACQUIRED,UNRESOLVED_NOT_RECONCILED,,,,false
HT 108,/documents/22,ATTRIBUTED_EXACT_SOURCE_RECORD,SOURCE_REPORTED_PAGE_LOCATOR,1,210,https://cefael.efa.gr/detail.php?site_id=1&actionID=page&serie_id=EtCret&volume_number=21&issue_number=1&sp=210,,[],UNRESOLVED_EDITION_CONTENT_NOT_ACQUIRED,UNRESOLVED_EDITION_CONTENT_NOT_ACQUIRED,UNRESOLVED_NOT_RECONCILED,,,,false
HT 109,/documents/23,ATTRIBUTED_EXACT_SOURCE_RECORD,SOURCE_REPORTED_PAGE_LOCATOR,1,212,https://cefael.efa.gr/detail.php?site_id=1&actionID=page&serie_id=EtCret&volume_number=21&issue_number=1&sp=212,,[],UNRESOLVED_EDITION_CONTENT_NOT_ACQUIRED,UNRESOLVED_EDITION_CONTENT_NOT_ACQUIRED,UNRESOLVED_NOT_RECONCILED,,,,false
HT 10a,/documents/24,ATTRIBUTED_EXACT_SOURCE_RECORD,SOURCE_REPORTED_PAGE_LOCATOR,1,56,https://cefael.efa.gr/detail.php?site_id=1&actionID=page&serie_id=EtCret&volume_number=21&issue_number=1&sp=56,,[],UNRESOLVED_EDITION_CONTENT_NOT_ACQUIRED,UNRESOLVED_EDITION_CONTENT_NOT_ACQUIRED,UNRESOLVED_NOT_RECONCILED,,,,false
HT 10b,/documents/25,ATTRIBUTED_EXACT_SOURCE_RECORD,SOURCE_REPORTED_PAGE_LOCATOR,1,56,https://cefael.efa.gr/detail.php?site_id=1&actionID=page&serie_id=EtCret&volume_number=21&issue_number=1&sp=56,,[],UNRESOLVED_EDITION_CONTENT_NOT_ACQUIRED,UNRESOLVED_EDITION_CONTENT_NOT_ACQUIRED,UNRESOLVED_NOT_RECONCILED,,,,false
HT 110a,/documents/26,ATTRIBUTED_EXACT_SOURCE_RECORD,SOURCE_REPORTED_PAGE_LOCATOR,1,214,https://cefael.efa.gr/detail.php?site_id=1&actionID=page&serie_id=EtCret&volume_number=21&issue_number=1&sp=214,,[],UNRESOLVED_EDITION_CONTENT_NOT_ACQUIRED,UNRESOLVED_EDITION_CONTENT_NOT_ACQUIRED,UNRESOLVED_NOT_RECONCILED,,,,false
HT 110b,/documents/27,ATTRIBUTED_EXACT_SOURCE_RECORD,SOURCE_REPORTED_PAGE_LOCATOR,1,214,https://cefael.efa.gr/detail.php?site_id=1&actionID=page&serie_id=EtCret&volume_number=21&issue_number=1&sp=214,,[],UNRESOLVED_EDITION_CONTENT_NOT_ACQUIRED,UNRESOLVED_EDITION_CONTENT_NOT_ACQUIRED,UNRESOLVED_NOT_RECONCILED,,,,false
HT 112a,/documents/28,ATTRIBUTED_EXACT_SOURCE_RECORD,SOURCE_REPORTED_PAGE_LOCATOR,1,218,https://cefael.efa.gr/detail.php?site_id=1&actionID=page&serie_id=EtCret&volume_number=21&issue_number=1&sp=218,,[],UNRESOLVED_EDITION_CONTENT_NOT_ACQUIRED,UNRESOLVED_EDITION_CONTENT_NOT_ACQUIRED,UNRESOLVED_NOT_RECONCILED,,,,false
HT 112b,/documents/29,ATTRIBUTED_EXACT_SOURCE_RECORD,SOURCE_REPORTED_PAGE_LOCATOR,1,218,https://cefael.efa.gr/detail.php?site_id=1&actionID=page&serie_id=EtCret&volume_number=21&issue_number=1&sp=218,,[],UNRESOLVED_EDITION_CONTENT_NOT_ACQUIRED,UNRESOLVED_EDITION_CONTENT_NOT_ACQUIRED,UNRESOLVED_NOT_RECONCILED,,,,false
HT 113,/documents/30,ATTRIBUTED_EXACT_SOURCE_RECORD,SOURCE_REPORTED_PAGE_LOCATOR,1,220,https://cefael.efa.gr/detail.php?site_id=1&actionID=page&serie_id=EtCret&volume_number=21&issue_number=1&sp=220,,[],UNRESOLVED_EDITION_CONTENT_NOT_ACQUIRED,UNRESOLVED_EDITION_CONTENT_NOT_ACQUIRED,UNRESOLVED_NOT_RECONCILED,,,,false
HT 113 ter,/documents/31,ATTRIBUTED_EXACT_SOURCE_RECORD,UNRESOLVED_NO_USABLE_REFERENCE,,,,,[],UNRESOLVED_EDITION_CONTENT_NOT_ACQUIRED,UNRESOLVED_EDITION_CONTENT_NOT_ACQUIRED,UNRESOLVED_NOT_RECONCILED,,,ABSENT,false
HT 114a,/documents/32,ATTRIBUTED_EXACT_SOURCE_RECORD,SOURCE_REPORTED_PAGE_LOCATOR,1,222,https://cefael.efa.gr/detail.php?site_id=1&actionID=page&serie_id=EtCret&volume_number=21&issue_number=1&sp=222,,[],UNRESOLVED_EDITION_CONTENT_NOT_ACQUIRED,UNRESOLVED_EDITION_CONTENT_NOT_ACQUIRED,UNRESOLVED_NOT_RECONCILED,,,,false
HT 114b,/documents/33,ATTRIBUTED_EXACT_SOURCE_RECORD,SOURCE_REPORTED_PAGE_LOCATOR,1,222,https://cefael.efa.gr/detail.php?site_id=1&actionID=page&serie_id=EtCret&volume_number=21&issue_number=1&sp=222,,[],UNRESOLVED_EDITION_CONTENT_NOT_ACQUIRED,UNRESOLVED_EDITION_CONTENT_NOT_ACQUIRED,UNRESOLVED_NOT_RECONCILED,,,,false
HT 115a,/documents/34,ATTRIBUTED_EXACT_SOURCE_RECORD,SOURCE_REPORTED_PAGE_LOCATOR,1,224,https://cefael.efa.gr/detail.php?site_id=1&actionID=page&serie_id=EtCret&volume_number=21&issue_number=1&sp=224,,[],UNRESOLVED_EDITION_CONTENT_NOT_ACQUIRED,UNRESOLVED_EDITION_CONTENT_NOT_ACQUIRED,UNRESOLVED_NOT_RECONCILED,,,,false
HT 115b,/documents/35,ATTRIBUTED_EXACT_SOURCE_RECORD,SOURCE_REPORTED_PAGE_LOCATOR,1,226,https://cefael.efa.gr/detail.php?site_id=1&actionID=page&serie_id=EtCret&volume_number=21&issue_number=1&sp=226,,[],UNRESOLVED_EDITION_CONTENT_NOT_ACQUIRED,UNRESOLVED_EDITION_CONTENT_NOT_ACQUIRED,UNRESOLVED_NOT_RECONCILED,,,,false
HT 116a,/documents/36,ATTRIBUTED_EXACT_SOURCE_RECORD,SOURCE_REPORTED_PAGE_LOCATOR,1,228,https://cefael.efa.gr/detail.php?site_id=1&actionID=page&serie_id=EtCret&volume_number=21&issue_number=1&sp=228,,[],UNRESOLVED_EDITION_CONTENT_NOT_ACQUIRED,UNRESOLVED_EDITION_CONTENT_NOT_ACQUIRED,UNRESOLVED_NOT_RECONCILED,,,,false
HT 116b,/documents/37,ATTRIBUTED_EXACT_SOURCE_RECORD,SOURCE_REPORTED_PAGE_LOCATOR,1,230,https://cefael.efa.gr/detail.php?site_id=1&actionID=page&serie_id=EtCret&volume_number=21&issue_number=1&sp=230,,[],UNRESOLVED_EDITION_CONTENT_NOT_ACQUIRED,UNRESOLVED_EDITION_CONTENT_NOT_ACQUIRED,UNRESOLVED_NOT_RECONCILED,,,,false
HT 117a,/documents/38,ATTRIBUTED_EXACT_SOURCE_RECORD,SOURCE_REPORTED_PAGE_LOCATOR,1,232,https://cefael.efa.gr/detail.php?site_id=1&actionID=page&serie_id=EtCret&volume_number=21&issue_number=1&sp=232,,[],UNRESOLVED_EDITION_CONTENT_NOT_ACQUIRED,UNRESOLVED_EDITION_CONTENT_NOT_ACQUIRED,UNRESOLVED_NOT_RECONCILED,,,,false
HT 117b,/documents/39,ATTRIBUTED_EXACT_SOURCE_RECORD,SOURCE_REPORTED_PAGE_LOCATOR,1,234,https://cefael.efa.gr/detail.php?site_id=1&actionID=page&serie_id=EtCret&volume_number=21&issue_number=1&sp=234,,[],UNRESOLVED_EDITION_CONTENT_NOT_ACQUIRED,UNRESOLVED_EDITION_CONTENT_NOT_ACQUIRED,UNRESOLVED_NOT_RECONCILED,,,,false
HT 118,/documents/40,ATTRIBUTED_EXACT_SOURCE_RECORD,SOURCE_REPORTED_PAGE_LOCATOR,1,236,https://cefael.efa.gr/detail.php?site_id=1&actionID=page&serie_id=EtCret&volume_number=21&issue_number=1&sp=236,,[],UNRESOLVED_EDITION_CONTENT_NOT_ACQUIRED,UNRESOLVED_EDITION_CONTENT_NOT_ACQUIRED,UNRESOLVED_NOT_RECONCILED,,,,false
HT 119,/documents/41,ATTRIBUTED_EXACT_SOURCE_RECORD,SOURCE_REPORTED_PAGE_LOCATOR,1,238,https://cefael.efa.gr/detail.php?site_id=1&actionID=page&serie_id=EtCret&volume_number=21&issue_number=1&sp=238,,[],UNRESOLVED_EDITION_CONTENT_NOT_ACQUIRED,UNRESOLVED_EDITION_CONTENT_NOT_ACQUIRED,UNRESOLVED_NOT_RECONCILED,,,,false
HT 11a,/documents/42,ATTRIBUTED_EXACT_SOURCE_RECORD,SOURCE_REPORTED_PAGE_LOCATOR,1,58,https://cefael.efa.gr/detail.php?site_id=1&actionID=page&serie_id=EtCret&volume_number=21&issue_number=1&sp=58,,[],UNRESOLVED_EDITION_CONTENT_NOT_ACQUIRED,UNRESOLVED_EDITION_CONTENT_NOT_ACQUIRED,UNRESOLVED_NOT_RECONCILED,,,,false
HT 11b,/documents/43,ATTRIBUTED_EXACT_SOURCE_RECORD,SOURCE_REPORTED_PAGE_LOCATOR,1,58,https://cefael.efa.gr/detail.php?site_id=1&actionID=page&serie_id=EtCret&volume_number=21&issue_number=1&sp=58,,[],UNRESOLVED_EDITION_CONTENT_NOT_ACQUIRED,UNRESOLVED_EDITION_CONTENT_NOT_ACQUIRED,UNRESOLVED_NOT_RECONCILED,,,,false
HT 12,/documents/44,ATTRIBUTED_EXACT_SOURCE_RECORD,SOURCE_REPORTED_PAGE_LOCATOR,1,60,https://cefael.efa.gr/detail.php?site_id=1&actionID=page&serie_id=EtCret&volume_number=21&issue_number=1&sp=60,,[],UNRESOLVED_EDITION_CONTENT_NOT_ACQUIRED,UNRESOLVED_EDITION_CONTENT_NOT_ACQUIRED,UNRESOLVED_NOT_RECONCILED,,,,false
HT 120,/documents/45,ATTRIBUTED_EXACT_SOURCE_RECORD,SOURCE_REPORTED_PAGE_LOCATOR,1,240,https://cefael.efa.gr/detail.php?site_id=1&actionID=page&serie_id=EtCret&volume_number=21&issue_number=1&sp=240,,[],UNRESOLVED_EDITION_CONTENT_NOT_ACQUIRED,UNRESOLVED_EDITION_CONTENT_NOT_ACQUIRED,UNRESOLVED_NOT_RECONCILED,,,,false
HT 121,/documents/46,ATTRIBUTED_EXACT_SOURCE_RECORD,SOURCE_REPORTED_PAGE_LOCATOR,1,240,https://cefael.efa.gr/detail.php?site_id=1&actionID=page&serie_id=EtCret&volume_number=21&issue_number=1&sp=240,,[],UNRESOLVED_EDITION_CONTENT_NOT_ACQUIRED,UNRESOLVED_EDITION_CONTENT_NOT_ACQUIRED,UNRESOLVED_NOT_RECONCILED,,,,false
HT 122a,/documents/47,ATTRIBUTED_EXACT_SOURCE_RECORD,SOURCE_REPORTED_PAGE_LOCATOR,1,242,https://cefael.efa.gr/detail.php?site_id=1&actionID=page&serie_id=EtCret&volume_number=21&issue_number=1&sp=242,,[],UNRESOLVED_EDITION_CONTENT_NOT_ACQUIRED,UNRESOLVED_EDITION_CONTENT_NOT_ACQUIRED,UNRESOLVED_NOT_RECONCILED,,,,false
HT 122b,/documents/48,ATTRIBUTED_EXACT_SOURCE_RECORD,SOURCE_REPORTED_PAGE_LOCATOR,1,244,https://cefael.efa.gr/detail.php?site_id=1&actionID=page&serie_id=EtCret&volume_number=21&issue_number=1&sp=244,,[],UNRESOLVED_EDITION_CONTENT_NOT_ACQUIRED,UNRESOLVED_EDITION_CONTENT_NOT_ACQUIRED,UNRESOLVED_NOT_RECONCILED,,,,false
HT 123a,/documents/49,ATTRIBUTED_EXACT_SOURCE_RECORD,SOURCE_REPORTED_PAGE_LOCATOR,1,246,https://cefael.efa.gr/detail.php?site_id=1&actionID=page&serie_id=EtCret&volume_number=21&issue_number=1&sp=246,,[],UNRESOLVED_EDITION_CONTENT_NOT_ACQUIRED,UNRESOLVED_EDITION_CONTENT_NOT_ACQUIRED,UNRESOLVED_NOT_RECONCILED,,,,false
HT 123b,/documents/50,ATTRIBUTED_EXACT_SOURCE_RECORD,SOURCE_REPORTED_PAGE_LOCATOR,1,248,https://cefael.efa.gr/detail.php?site_id=1&actionID=page&serie_id=EtCret&volume_number=21&issue_number=1&sp=248,,[],UNRESOLVED_EDITION_CONTENT_NOT_ACQUIRED,UNRESOLVED_EDITION_CONTENT_NOT_ACQUIRED,UNRESOLVED_NOT_RECONCILED,,,,false
HT 126a,/documents/51,ATTRIBUTED_EXACT_SOURCE_RECORD,SOURCE_REPORTED_PAGE_LOCATOR,1,252,https://cefael.efa.gr/detail.php?site_id=1&actionID=page&serie_id=EtCret&volume_number=21&issue_number=1&sp=252,,[],UNRESOLVED_EDITION_CONTENT_NOT_ACQUIRED,UNRESOLVED_EDITION_CONTENT_NOT_ACQUIRED,UNRESOLVED_NOT_RECONCILED,,,,false
HT 126b,/documents/52,ATTRIBUTED_EXACT_SOURCE_RECORD,SOURCE_REPORTED_PAGE_LOCATOR,1,252,https://cefael.efa.gr/detail.php?site_id=1&actionID=page&serie_id=EtCret&volume_number=21&issue_number=1&sp=252,,[],UNRESOLVED_EDITION_CONTENT_NOT_ACQUIRED,UNRESOLVED_EDITION_CONTENT_NOT_ACQUIRED,UNRESOLVED_NOT_RECONCILED,,,,false
HT 127a,/documents/53,ATTRIBUTED_EXACT_SOURCE_RECORD,SOURCE_REPORTED_PAGE_LOCATOR,1,254,https://cefael.efa.gr/detail.php?site_id=1&actionID=page&serie_id=EtCret&volume_number=21&issue_number=1&sp=254,,[],UNRESOLVED_EDITION_CONTENT_NOT_ACQUIRED,UNRESOLVED_EDITION_CONTENT_NOT_ACQUIRED,UNRESOLVED_NOT_RECONCILED,,,,false
HT 127b,/documents/54,ATTRIBUTED_EXACT_SOURCE_RECORD,SOURCE_REPORTED_PAGE_LOCATOR,1,254,https://cefael.efa.gr/detail.php?site_id=1&actionID=page&serie_id=EtCret&volume_number=21&issue_number=1&sp=254,,[],UNRESOLVED_EDITION_CONTENT_NOT_ACQUIRED,UNRESOLVED_EDITION_CONTENT_NOT_ACQUIRED,UNRESOLVED_NOT_RECONCILED,,,,false
HT 128a,/documents/55,ATTRIBUTED_EXACT_SOURCE_RECORD,SOURCE_REPORTED_PAGE_LOCATOR,1,256,https://cefael.efa.gr/detail.php?site_id=1&actionID=page&serie_id=EtCret&volume_number=21&issue_number=1&sp=256,,[],UNRESOLVED_EDITION_CONTENT_NOT_ACQUIRED,UNRESOLVED_EDITION_CONTENT_NOT_ACQUIRED,UNRESOLVED_NOT_RECONCILED,,,,false
HT 128b,/documents/56,ATTRIBUTED_EXACT_SOURCE_RECORD,SOURCE_REPORTED_PAGE_LOCATOR,1,256,https://cefael.efa.gr/detail.php?site_id=1&actionID=page&serie_id=EtCret&volume_number=21&issue_number=1&sp=256,,[],UNRESOLVED_EDITION_CONTENT_NOT_ACQUIRED,UNRESOLVED_EDITION_CONTENT_NOT_ACQUIRED,UNRESOLVED_NOT_RECONCILED,,,,false
HT 129,/documents/57,ATTRIBUTED_EXACT_SOURCE_RECORD,SOURCE_REPORTED_PAGE_LOCATOR,1,258,https://cefael.efa.gr/detail.php?site_id=1&actionID=page&serie_id=EtCret&volume_number=21&issue_number=1&sp=258,,[],UNRESOLVED_EDITION_CONTENT_NOT_ACQUIRED,UNRESOLVED_EDITION_CONTENT_NOT_ACQUIRED,UNRESOLVED_NOT_RECONCILED,,,,false
HT 13,/documents/58,ATTRIBUTED_EXACT_SOURCE_RECORD,SOURCE_REPORTED_PAGE_LOCATOR,1,62,https://cefael.efa.gr/detail.php?site_id=1&actionID=page&serie_id=EtCret&volume_number=21&issue_number=1&sp=62,,[],UNRESOLVED_EDITION_CONTENT_NOT_ACQUIRED,UNRESOLVED_EDITION_CONTENT_NOT_ACQUIRED,UNRESOLVED_NOT_RECONCILED,,,,false
HT 130,/documents/59,ATTRIBUTED_EXACT_SOURCE_RECORD,SOURCE_REPORTED_PAGE_LOCATOR,1,260,https://cefael.efa.gr/detail.php?site_id=1&actionID=page&serie_id=EtCret&volume_number=21&issue_number=1&sp=260,,[],UNRESOLVED_EDITION_CONTENT_NOT_ACQUIRED,UNRESOLVED_EDITION_CONTENT_NOT_ACQUIRED,UNRESOLVED_NOT_RECONCILED,,,,false
HT 131a,/documents/60,ATTRIBUTED_EXACT_SOURCE_RECORD,SOURCE_REPORTED_PAGE_LOCATOR,1,262,https://cefael.efa.gr/detail.php?site_id=1&actionID=page&serie_id=EtCret&volume_number=21&issue_number=1&sp=262,,[],UNRESOLVED_EDITION_CONTENT_NOT_ACQUIRED,UNRESOLVED_EDITION_CONTENT_NOT_ACQUIRED,UNRESOLVED_NOT_RECONCILED,,,,false
HT 131b,/documents/61,ATTRIBUTED_EXACT_SOURCE_RECORD,SOURCE_REPORTED_PAGE_LOCATOR,1,262,https://cefael.efa.gr/detail.php?site_id=1&actionID=page&serie_id=EtCret&volume_number=21&issue_number=1&sp=262,,[],UNRESOLVED_EDITION_CONTENT_NOT_ACQUIRED,UNRESOLVED_EDITION_CONTENT_NOT_ACQUIRED,UNRESOLVED_NOT_RECONCILED,,,,false
HT 132,/documents/62,ATTRIBUTED_EXACT_SOURCE_RECORD,SOURCE_REPORTED_PAGE_LOCATOR,1,264,https://cefael.efa.gr/detail.php?site_id=1&actionID=page&serie_id=EtCret&volume_number=21&issue_number=1&sp=264,,[],UNRESOLVED_EDITION_CONTENT_NOT_ACQUIRED,UNRESOLVED_EDITION_CONTENT_NOT_ACQUIRED,UNRESOLVED_NOT_RECONCILED,,,,false
HT 133,/documents/63,ATTRIBUTED_EXACT_SOURCE_RECORD,SOURCE_REPORTED_PAGE_LOCATOR,1,264,https://cefael.efa.gr/detail.php?site_id=1&actionID=page&serie_id=EtCret&volume_number=21&issue_number=1&sp=264,,[],UNRESOLVED_EDITION_CONTENT_NOT_ACQUIRED,UNRESOLVED_EDITION_CONTENT_NOT_ACQUIRED,UNRESOLVED_NOT_RECONCILED,,,,false
HT 135a,/documents/64,ATTRIBUTED_EXACT_SOURCE_RECORD,SOURCE_REPORTED_PAGE_LOCATOR,1,266,https://cefael.efa.gr/detail.php?site_id=1&actionID=page&serie_id=EtCret&volume_number=21&issue_number=1&sp=266,,[],UNRESOLVED_EDITION_CONTENT_NOT_ACQUIRED,UNRESOLVED_EDITION_CONTENT_NOT_ACQUIRED,UNRESOLVED_NOT_RECONCILED,,,,false
HT 135b,/documents/65,ATTRIBUTED_EXACT_SOURCE_RECORD,SOURCE_REPORTED_PAGE_LOCATOR,1,266,https://cefael.efa.gr/detail.php?site_id=1&actionID=page&serie_id=EtCret&volume_number=21&issue_number=1&sp=266,,[],UNRESOLVED_EDITION_CONTENT_NOT_ACQUIRED,UNRESOLVED_EDITION_CONTENT_NOT_ACQUIRED,UNRESOLVED_NOT_RECONCILED,,,,false
HT 136a,/documents/66,ATTRIBUTED_EXACT_SOURCE_RECORD,SOURCE_REPORTED_PAGE_LOCATOR,1,268,https://cefael.efa.gr/detail.php?site_id=1&actionID=page&serie_id=EtCret&volume_number=21&issue_number=1&sp=268,,[],UNRESOLVED_EDITION_CONTENT_NOT_ACQUIRED,UNRESOLVED_EDITION_CONTENT_NOT_ACQUIRED,UNRESOLVED_NOT_RECONCILED,,,,false
HT 136b,/documents/67,ATTRIBUTED_EXACT_SOURCE_RECORD,SOURCE_REPORTED_PAGE_LOCATOR,1,268,https://cefael.efa.gr/detail.php?site_id=1&actionID=page&serie_id=EtCret&volume_number=21&issue_number=1&sp=268,,[],UNRESOLVED_EDITION_CONTENT_NOT_ACQUIRED,UNRESOLVED_EDITION_CONTENT_NOT_ACQUIRED,UNRESOLVED_NOT_RECONCILED,,,,false
HT 137,/documents/68,ATTRIBUTED_EXACT_SOURCE_RECORD,SOURCE_REPORTED_PAGE_LOCATOR,1,270,https://cefael.efa.gr/detail.php?site_id=1&actionID=page&serie_id=EtCret&volume_number=21&issue_number=1&sp=270,,[],UNRESOLVED_EDITION_CONTENT_NOT_ACQUIRED,UNRESOLVED_EDITION_CONTENT_NOT_ACQUIRED,UNRESOLVED_NOT_RECONCILED,,,,false
HT 139,/documents/69,ATTRIBUTED_EXACT_SOURCE_RECORD,SOURCE_REPORTED_PAGE_LOCATOR,1,270,https://cefael.efa.gr/detail.php?site_id=1&actionID=page&serie_id=EtCret&volume_number=21&issue_number=1&sp=270,,[],UNRESOLVED_EDITION_CONTENT_NOT_ACQUIRED,UNRESOLVED_EDITION_CONTENT_NOT_ACQUIRED,UNRESOLVED_NOT_RECONCILED,,,,false
HT 14,/documents/70,ATTRIBUTED_EXACT_SOURCE_RECORD,SOURCE_REPORTED_PAGE_LOCATOR,1,64,https://cefael.efa.gr/detail.php?site_id=1&actionID=page&serie_id=EtCret&volume_number=21&issue_number=1&sp=64,,[],UNRESOLVED_EDITION_CONTENT_NOT_ACQUIRED,UNRESOLVED_EDITION_CONTENT_NOT_ACQUIRED,UNRESOLVED_NOT_RECONCILED,,,,false
HT 140,/documents/71,ATTRIBUTED_EXACT_SOURCE_RECORD,SOURCE_REPORTED_PAGE_LOCATOR,1,272,https://cefael.efa.gr/detail.php?site_id=1&actionID=page&serie_id=EtCret&volume_number=21&issue_number=1&sp=272,,[],UNRESOLVED_EDITION_CONTENT_NOT_ACQUIRED,UNRESOLVED_EDITION_CONTENT_NOT_ACQUIRED,UNRESOLVED_NOT_RECONCILED,,,,false
HT 141,/documents/72,ATTRIBUTED_EXACT_SOURCE_RECORD,SOURCE_REPORTED_PAGE_LOCATOR,1,274,https://cefael.efa.gr/detail.php?site_id=1&actionID=page&serie_id=EtCret&volume_number=21&issue_number=1&sp=274,,[],UNRESOLVED_EDITION_CONTENT_NOT_ACQUIRED,UNRESOLVED_EDITION_CONTENT_NOT_ACQUIRED,UNRESOLVED_NOT_RECONCILED,,,,false
HT 142,/documents/73,ATTRIBUTED_EXACT_SOURCE_RECORD,SOURCE_REPORTED_PAGE_LOCATOR,1,274,https://cefael.efa.gr/detail.php?site_id=1&actionID=page&serie_id=EtCret&volume_number=21&issue_number=1&sp=274,,[],UNRESOLVED_EDITION_CONTENT_NOT_ACQUIRED,UNRESOLVED_EDITION_CONTENT_NOT_ACQUIRED,UNRESOLVED_NOT_RECONCILED,,,,false
HT 144,/documents/74,ATTRIBUTED_EXACT_SOURCE_RECORD,SOURCE_REPORTED_PAGE_LOCATOR,1,274,https://cefael.efa.gr/detail.php?site_id=1&actionID=page&serie_id=EtCret&volume_number=21&issue_number=1&sp=274,,[],UNRESOLVED_EDITION_CONTENT_NOT_ACQUIRED,UNRESOLVED_EDITION_CONTENT_NOT_ACQUIRED,UNRESOLVED_NOT_RECONCILED,,,,false
HT 146,/documents/75,ATTRIBUTED_EXACT_SOURCE_RECORD,SOURCE_REPORTED_PAGE_LOCATOR,1,276,https://cefael.efa.gr/detail.php?site_id=1&actionID=page&serie_id=EtCret&volume_number=21&issue_number=1&sp=276,,[],UNRESOLVED_EDITION_CONTENT_NOT_ACQUIRED,UNRESOLVED_EDITION_CONTENT_NOT_ACQUIRED,UNRESOLVED_NOT_RECONCILED,,,,false
HT 147,/documents/76,ATTRIBUTED_EXACT_SOURCE_RECORD,SOURCE_REPORTED_PAGE_LOCATOR,1,276,https://cefael.efa.gr/detail.php?site_id=1&actionID=page&serie_id=EtCret&volume_number=21&issue_number=1&sp=276,,[],UNRESOLVED_EDITION_CONTENT_NOT_ACQUIRED,UNRESOLVED_EDITION_CONTENT_NOT_ACQUIRED,UNRESOLVED_NOT_RECONCILED,,,,false
HT 15,/documents/77,ATTRIBUTED_EXACT_SOURCE_RECORD,PRIMARY_CASE_PAGES_INSPECTED,1,66,https://cefael.efa.gr/detail.php?site_id=1&actionID=page&serie_id=EtCret&volume_number=21&issue_number=1&sp=66,U002,"[{""volume"":1,""printed_page"":31,""viewer_page"":67,""url"":""https://cefael.efa.gr/detail.php?site_id=1&actionID=page&serie_id=EtCret&volume_number=21&issue_number=1&sp=67"",""locally_inspected_page_sha256"":""afb154d21cef0bb93f747218c0ba05cbb54e317618bc1c40bfd37a2933858602""},{""volume"":1,""printed_page"":30,""viewer_page"":66,""url"":""https://cefael.efa.gr/detail.php?site_id=1&actionID=page&serie_id=EtCret&volume_number=21&issue_number=1&sp=66"",""locally_inspected_page_sha256"":""cf221f2a3fcbafbec88201e83958d94846c8547703b2d8836e33795e34d3b00a""}]",UNRESOLVED_EDITION_CONTENT_NOT_ACQUIRED,UNRESOLVED_EDITION_CONTENT_NOT_ACQUIRED,UNRESOLVED_NOT_RECONCILED,,,,false
HT 154,/documents/78,ATTRIBUTED_EXACT_SOURCE_RECORD,SOURCE_REPORTED_PAGE_LOCATOR,1,278,https://cefael.efa.gr/detail.php?site_id=1&actionID=page&serie_id=EtCret&volume_number=21&issue_number=1&sp=278,,[],UNRESOLVED_EDITION_CONTENT_NOT_ACQUIRED,UNRESOLVED_EDITION_CONTENT_NOT_ACQUIRED,UNRESOLVED_NOT_RECONCILED,,,,false
HT 154A,/documents/79,ATTRIBUTED_EXACT_SOURCE_RECORD,SOURCE_REPORTED_PAGE_LOCATOR,1,278,https://cefael.efa.gr/detail.php?site_id=1&actionID=page&serie_id=EtCret&volume_number=21&issue_number=1&sp=278,,[],UNRESOLVED_EDITION_CONTENT_NOT_ACQUIRED,UNRESOLVED_EDITION_CONTENT_NOT_ACQUIRED,UNRESOLVED_NOT_RECONCILED,,,,false
HT 154B,/documents/80,ATTRIBUTED_EXACT_SOURCE_RECORD,SOURCE_REPORTED_PAGE_LOCATOR,1,280,https://cefael.efa.gr/detail.php?site_id=1&actionID=page&serie_id=EtCret&volume_number=21&issue_number=1&sp=280,,[],UNRESOLVED_EDITION_CONTENT_NOT_ACQUIRED,UNRESOLVED_EDITION_CONTENT_NOT_ACQUIRED,UNRESOLVED_NOT_RECONCILED,,,,false
HT 154C,/documents/81,ATTRIBUTED_EXACT_SOURCE_RECORD,SOURCE_REPORTED_PAGE_LOCATOR,1,280,https://cefael.efa.gr/detail.php?site_id=1&actionID=page&serie_id=EtCret&volume_number=21&issue_number=1&sp=280,,[],UNRESOLVED_EDITION_CONTENT_NOT_ACQUIRED,UNRESOLVED_EDITION_CONTENT_NOT_ACQUIRED,UNRESOLVED_NOT_RECONCILED,,,,false
HT 154E,/documents/82,ATTRIBUTED_EXACT_SOURCE_RECORD,SOURCE_REPORTED_PAGE_LOCATOR,1,280,https://cefael.efa.gr/detail.php?site_id=1&actionID=page&serie_id=EtCret&volume_number=21&issue_number=1&sp=280,,[],UNRESOLVED_EDITION_CONTENT_NOT_ACQUIRED,UNRESOLVED_EDITION_CONTENT_NOT_ACQUIRED,UNRESOLVED_NOT_RECONCILED,,,,false
HT 154G,/documents/83,ATTRIBUTED_EXACT_SOURCE_RECORD,SOURCE_REPORTED_PAGE_LOCATOR,1,282,https://cefael.efa.gr/detail.php?site_id=1&actionID=page&serie_id=EtCret&volume_number=21&issue_number=1&sp=282,,[],UNRESOLVED_EDITION_CONTENT_NOT_ACQUIRED,UNRESOLVED_EDITION_CONTENT_NOT_ACQUIRED,UNRESOLVED_NOT_RECONCILED,,,,false
HT 154Ja,/documents/84,ATTRIBUTED_EXACT_SOURCE_RECORD,SOURCE_REPORTED_PAGE_LOCATOR,1,282,https://cefael.efa.gr/detail.php?site_id=1&actionID=page&serie_id=EtCret&volume_number=21&issue_number=1&sp=282,,[],UNRESOLVED_EDITION_CONTENT_NOT_ACQUIRED,UNRESOLVED_EDITION_CONTENT_NOT_ACQUIRED,UNRESOLVED_NOT_RECONCILED,,,,false
HT 154Jb,/documents/85,ATTRIBUTED_EXACT_SOURCE_RECORD,SOURCE_REPORTED_PAGE_LOCATOR,1,282,https://cefael.efa.gr/detail.php?site_id=1&actionID=page&serie_id=EtCret&volume_number=21&issue_number=1&sp=282,,[],UNRESOLVED_EDITION_CONTENT_NOT_ACQUIRED,UNRESOLVED_EDITION_CONTENT_NOT_ACQUIRED,UNRESOLVED_NOT_RECONCILED,,,,false
HT 154K,/documents/86,ATTRIBUTED_EXACT_SOURCE_RECORD,SOURCE_REPORTED_PAGE_LOCATOR,1,284,https://cefael.efa.gr/detail.php?site_id=1&actionID=page&serie_id=EtCret&volume_number=21&issue_number=1&sp=284,,[],UNRESOLVED_EDITION_CONTENT_NOT_ACQUIRED,UNRESOLVED_EDITION_CONTENT_NOT_ACQUIRED,UNRESOLVED_NOT_RECONCILED,,,,false
HT 154L,/documents/87,ATTRIBUTED_EXACT_SOURCE_RECORD,SOURCE_REPORTED_PAGE_LOCATOR,1,284,https://cefael.efa.gr/detail.php?site_id=1&actionID=page&serie_id=EtCret&volume_number=21&issue_number=1&sp=284,,[],UNRESOLVED_EDITION_CONTENT_NOT_ACQUIRED,UNRESOLVED_EDITION_CONTENT_NOT_ACQUIRED,UNRESOLVED_NOT_RECONCILED,,,,false
HT 154M,/documents/88,ATTRIBUTED_EXACT_SOURCE_RECORD,SOURCE_REPORTED_PAGE_LOCATOR,1,286,https://cefael.efa.gr/detail.php?site_id=1&actionID=page&serie_id=EtCret&volume_number=21&issue_number=1&sp=286,,[],UNRESOLVED_EDITION_CONTENT_NOT_ACQUIRED,UNRESOLVED_EDITION_CONTENT_NOT_ACQUIRED,UNRESOLVED_NOT_RECONCILED,,,,false
HT 154N,/documents/89,ATTRIBUTED_EXACT_SOURCE_RECORD,SOURCE_REPORTED_PAGE_LOCATOR,1,286,https://cefael.efa.gr/detail.php?site_id=1&actionID=page&serie_id=EtCret&volume_number=21&issue_number=1&sp=286,,[],UNRESOLVED_EDITION_CONTENT_NOT_ACQUIRED,UNRESOLVED_EDITION_CONTENT_NOT_ACQUIRED,UNRESOLVED_NOT_RECONCILED,,,,false
HT 16,/documents/90,ATTRIBUTED_EXACT_SOURCE_RECORD,SOURCE_REPORTED_PAGE_LOCATOR,1,68,https://cefael.efa.gr/detail.php?site_id=1&actionID=page&serie_id=EtCret&volume_number=21&issue_number=1&sp=68,,[],UNRESOLVED_EDITION_CONTENT_NOT_ACQUIRED,UNRESOLVED_EDITION_CONTENT_NOT_ACQUIRED,UNRESOLVED_NOT_RECONCILED,,,,false
HT 17,/documents/91,ATTRIBUTED_EXACT_SOURCE_RECORD,PRIMARY_CASE_PAGES_INSPECTED,1,70,https://cefael.efa.gr/detail.php?site_id=1&actionID=page&serie_id=EtCret&volume_number=21&issue_number=1&sp=70,U001|U003,"[{""volume"":1,""printed_page"":35,""viewer_page"":71,""url"":""https://cefael.efa.gr/detail.php?site_id=1&actionID=page&serie_id=EtCret&volume_number=21&issue_number=1&sp=71"",""locally_inspected_page_sha256"":""61858dd25e751e1762e40f09b1cc4cb8de995eb551fb93501f32474ea6d3546a""},{""volume"":1,""printed_page"":34,""viewer_page"":70,""url"":""https://cefael.efa.gr/detail.php?site_id=1&actionID=page&serie_id=EtCret&volume_number=21&issue_number=1&sp=70"",""locally_inspected_page_sha256"":""7df3fb2ccbae0a78c931954ae9bde742112d9262030a055365478ad2bfc579a2""}]",UNRESOLVED_EDITION_CONTENT_NOT_ACQUIRED,UNRESOLVED_EDITION_CONTENT_NOT_ACQUIRED,UNRESOLVED_NOT_RECONCILED,,,,false
HT 18,/documents/92,ATTRIBUTED_EXACT_SOURCE_RECORD,SOURCE_REPORTED_PAGE_LOCATOR,1,70,https://cefael.efa.gr/detail.php?site_id=1&actionID=page&serie_id=EtCret&volume_number=21&issue_number=1&sp=70,,[],UNRESOLVED_EDITION_CONTENT_NOT_ACQUIRED,UNRESOLVED_EDITION_CONTENT_NOT_ACQUIRED,UNRESOLVED_NOT_RECONCILED,,,,false
HT 19,/documents/93,ATTRIBUTED_EXACT_SOURCE_RECORD,SOURCE_REPORTED_PAGE_LOCATOR,1,72,https://cefael.efa.gr/detail.php?site_id=1&actionID=page&serie_id=EtCret&volume_number=21&issue_number=1&sp=72,,[],UNRESOLVED_EDITION_CONTENT_NOT_ACQUIRED,UNRESOLVED_EDITION_CONTENT_NOT_ACQUIRED,UNRESOLVED_NOT_RECONCILED,,,,false
HT 2,/documents/94,ATTRIBUTED_EXACT_SOURCE_RECORD,SOURCE_REPORTED_PAGE_LOCATOR,1,40,https://cefael.efa.gr/detail.php?site_id=1&actionID=page&serie_id=EtCret&volume_number=21&issue_number=1&sp=40,,[],UNRESOLVED_EDITION_CONTENT_NOT_ACQUIRED,UNRESOLVED_EDITION_CONTENT_NOT_ACQUIRED,UNRESOLVED_NOT_RECONCILED,,,,false
HT 20,/documents/95,ATTRIBUTED_EXACT_SOURCE_RECORD,SOURCE_REPORTED_PAGE_LOCATOR,1,72,https://cefael.efa.gr/detail.php?site_id=1&actionID=page&serie_id=EtCret&volume_number=21&issue_number=1&sp=72,,[],UNRESOLVED_EDITION_CONTENT_NOT_ACQUIRED,UNRESOLVED_EDITION_CONTENT_NOT_ACQUIRED,UNRESOLVED_NOT_RECONCILED,,,,false
HT 21,/documents/96,ATTRIBUTED_EXACT_SOURCE_RECORD,SOURCE_REPORTED_PAGE_LOCATOR,1,74,https://cefael.efa.gr/detail.php?site_id=1&actionID=page&serie_id=EtCret&volume_number=21&issue_number=1&sp=74,,[],UNRESOLVED_EDITION_CONTENT_NOT_ACQUIRED,UNRESOLVED_EDITION_CONTENT_NOT_ACQUIRED,UNRESOLVED_NOT_RECONCILED,,,,false
HT 22,/documents/97,ATTRIBUTED_EXACT_SOURCE_RECORD,SOURCE_REPORTED_PAGE_LOCATOR,1,74,https://cefael.efa.gr/detail.php?site_id=1&actionID=page&serie_id=EtCret&volume_number=21&issue_number=1&sp=74,,[],UNRESOLVED_EDITION_CONTENT_NOT_ACQUIRED,UNRESOLVED_EDITION_CONTENT_NOT_ACQUIRED,UNRESOLVED_NOT_RECONCILED,,,,false
HT 23a,/documents/98,ATTRIBUTED_EXACT_SOURCE_RECORD,SOURCE_REPORTED_PAGE_LOCATOR,1,76,https://cefael.efa.gr/detail.php?site_id=1&actionID=page&serie_id=EtCret&volume_number=21&issue_number=1&sp=76,,[],UNRESOLVED_EDITION_CONTENT_NOT_ACQUIRED,UNRESOLVED_EDITION_CONTENT_NOT_ACQUIRED,UNRESOLVED_NOT_RECONCILED,,,,false
HT 23b,/documents/99,ATTRIBUTED_EXACT_SOURCE_RECORD,SOURCE_REPORTED_PAGE_LOCATOR,1,76,https://cefael.efa.gr/detail.php?site_id=1&actionID=page&serie_id=EtCret&volume_number=21&issue_number=1&sp=76,,[],UNRESOLVED_EDITION_CONTENT_NOT_ACQUIRED,UNRESOLVED_EDITION_CONTENT_NOT_ACQUIRED,UNRESOLVED_NOT_RECONCILED,,,,false
HT 24a,/documents/100,ATTRIBUTED_EXACT_SOURCE_RECORD,SOURCE_REPORTED_PAGE_LOCATOR,1,78,https://cefael.efa.gr/detail.php?site_id=1&actionID=page&serie_id=EtCret&volume_number=21&issue_number=1&sp=78,,[],UNRESOLVED_EDITION_CONTENT_NOT_ACQUIRED,UNRESOLVED_EDITION_CONTENT_NOT_ACQUIRED,UNRESOLVED_NOT_RECONCILED,,,,false
HT 24b,/documents/101,ATTRIBUTED_EXACT_SOURCE_RECORD,SOURCE_REPORTED_PAGE_LOCATOR,1,78,https://cefael.efa.gr/detail.php?site_id=1&actionID=page&serie_id=EtCret&volume_number=21&issue_number=1&sp=78,,[],UNRESOLVED_EDITION_CONTENT_NOT_ACQUIRED,UNRESOLVED_EDITION_CONTENT_NOT_ACQUIRED,UNRESOLVED_NOT_RECONCILED,,,,false
HT 25a,/documents/102,ATTRIBUTED_EXACT_SOURCE_RECORD,SOURCE_REPORTED_PAGE_LOCATOR,1,80,https://cefael.efa.gr/detail.php?site_id=1&actionID=page&serie_id=EtCret&volume_number=21&issue_number=1&sp=80,,[],UNRESOLVED_EDITION_CONTENT_NOT_ACQUIRED,UNRESOLVED_EDITION_CONTENT_NOT_ACQUIRED,UNRESOLVED_NOT_RECONCILED,,,,false
HT 25b,/documents/103,ATTRIBUTED_EXACT_SOURCE_RECORD,SOURCE_REPORTED_PAGE_LOCATOR,1,80,https://cefael.efa.gr/detail.php?site_id=1&actionID=page&serie_id=EtCret&volume_number=21&issue_number=1&sp=80,,[],UNRESOLVED_EDITION_CONTENT_NOT_ACQUIRED,UNRESOLVED_EDITION_CONTENT_NOT_ACQUIRED,UNRESOLVED_NOT_RECONCILED,,,,false
HT 26a,/documents/104,ATTRIBUTED_EXACT_SOURCE_RECORD,SOURCE_REPORTED_PAGE_LOCATOR,1,82,https://cefael.efa.gr/detail.php?site_id=1&actionID=page&serie_id=EtCret&volume_number=21&issue_number=1&sp=82,,[],UNRESOLVED_EDITION_CONTENT_NOT_ACQUIRED,UNRESOLVED_EDITION_CONTENT_NOT_ACQUIRED,UNRESOLVED_NOT_RECONCILED,,,,false
HT 26b,/documents/105,ATTRIBUTED_EXACT_SOURCE_RECORD,SOURCE_REPORTED_PAGE_LOCATOR,1,82,https://cefael.efa.gr/detail.php?site_id=1&actionID=page&serie_id=EtCret&volume_number=21&issue_number=1&sp=82,,[],UNRESOLVED_EDITION_CONTENT_NOT_ACQUIRED,UNRESOLVED_EDITION_CONTENT_NOT_ACQUIRED,UNRESOLVED_NOT_RECONCILED,,,,false
HT 27a,/documents/106,ATTRIBUTED_EXACT_SOURCE_RECORD,SOURCE_REPORTED_PAGE_LOCATOR,1,84,https://cefael.efa.gr/detail.php?site_id=1&actionID=page&serie_id=EtCret&volume_number=21&issue_number=1&sp=84,,[],UNRESOLVED_EDITION_CONTENT_NOT_ACQUIRED,UNRESOLVED_EDITION_CONTENT_NOT_ACQUIRED,UNRESOLVED_NOT_RECONCILED,,,,false
HT 27b,/documents/107,ATTRIBUTED_EXACT_SOURCE_RECORD,SOURCE_REPORTED_PAGE_LOCATOR,1,86,https://cefael.efa.gr/detail.php?site_id=1&actionID=page&serie_id=EtCret&volume_number=21&issue_number=1&sp=86,,[],UNRESOLVED_EDITION_CONTENT_NOT_ACQUIRED,UNRESOLVED_EDITION_CONTENT_NOT_ACQUIRED,UNRESOLVED_NOT_RECONCILED,,,,false
HT 28a,/documents/108,ATTRIBUTED_EXACT_SOURCE_RECORD,SOURCE_REPORTED_PAGE_LOCATOR,1,88,https://cefael.efa.gr/detail.php?site_id=1&actionID=page&serie_id=EtCret&volume_number=21&issue_number=1&sp=88,,[],UNRESOLVED_EDITION_CONTENT_NOT_ACQUIRED,UNRESOLVED_EDITION_CONTENT_NOT_ACQUIRED,UNRESOLVED_NOT_RECONCILED,,,,false
HT 28b,/documents/109,ATTRIBUTED_EXACT_SOURCE_RECORD,SOURCE_REPORTED_PAGE_LOCATOR,1,88,https://cefael.efa.gr/detail.php?site_id=1&actionID=page&serie_id=EtCret&volume_number=21&issue_number=1&sp=88,,[],UNRESOLVED_EDITION_CONTENT_NOT_ACQUIRED,UNRESOLVED_EDITION_CONTENT_NOT_ACQUIRED,UNRESOLVED_NOT_RECONCILED,,,,false
HT 29,/documents/110,ATTRIBUTED_EXACT_SOURCE_RECORD,SOURCE_REPORTED_PAGE_LOCATOR,1,90,https://cefael.efa.gr/detail.php?site_id=1&actionID=page&serie_id=EtCret&volume_number=21&issue_number=1&sp=90,,[],UNRESOLVED_EDITION_CONTENT_NOT_ACQUIRED,UNRESOLVED_EDITION_CONTENT_NOT_ACQUIRED,UNRESOLVED_NOT_RECONCILED,,,,false
HT 3,/documents/111,ATTRIBUTED_EXACT_SOURCE_RECORD,SOURCE_REPORTED_PAGE_LOCATOR,1,42,https://cefael.efa.gr/detail.php?site_id=1&actionID=page&serie_id=EtCret&volume_number=21&issue_number=1&sp=42,,[],UNRESOLVED_EDITION_CONTENT_NOT_ACQUIRED,UNRESOLVED_EDITION_CONTENT_NOT_ACQUIRED,UNRESOLVED_NOT_RECONCILED,,,,false
HT 30,/documents/112,ATTRIBUTED_EXACT_SOURCE_RECORD,SOURCE_REPORTED_PAGE_LOCATOR,1,92,https://cefael.efa.gr/detail.php?site_id=1&actionID=page&serie_id=EtCret&volume_number=21&issue_number=1&sp=92,,[],UNRESOLVED_EDITION_CONTENT_NOT_ACQUIRED,UNRESOLVED_EDITION_CONTENT_NOT_ACQUIRED,UNRESOLVED_NOT_RECONCILED,,,,false
HT 31,/documents/113,ATTRIBUTED_EXACT_SOURCE_RECORD,SOURCE_REPORTED_PAGE_LOCATOR,1,94,https://cefael.efa.gr/detail.php?site_id=1&actionID=page&serie_id=EtCret&volume_number=21&issue_number=1&sp=94,,[],UNRESOLVED_EDITION_CONTENT_NOT_ACQUIRED,UNRESOLVED_EDITION_CONTENT_NOT_ACQUIRED,UNRESOLVED_NOT_RECONCILED,,,,false
HT 32,/documents/114,ATTRIBUTED_EXACT_SOURCE_RECORD,SOURCE_REPORTED_PAGE_LOCATOR,1,96,https://cefael.efa.gr/detail.php?site_id=1&actionID=page&serie_id=EtCret&volume_number=21&issue_number=1&sp=96,,[],UNRESOLVED_EDITION_CONTENT_NOT_ACQUIRED,UNRESOLVED_EDITION_CONTENT_NOT_ACQUIRED,UNRESOLVED_NOT_RECONCILED,,,,false
HT 33,/documents/115,ATTRIBUTED_EXACT_SOURCE_RECORD,SOURCE_REPORTED_PAGE_LOCATOR,1,98,https://cefael.efa.gr/detail.php?site_id=1&actionID=page&serie_id=EtCret&volume_number=21&issue_number=1&sp=98,,[],UNRESOLVED_EDITION_CONTENT_NOT_ACQUIRED,UNRESOLVED_EDITION_CONTENT_NOT_ACQUIRED,UNRESOLVED_NOT_RECONCILED,,,,false
HT 34,/documents/116,ATTRIBUTED_EXACT_SOURCE_RECORD,PRIMARY_CASE_PAGES_INSPECTED,1,100,https://cefael.efa.gr/detail.php?site_id=1&actionID=page&serie_id=EtCret&volume_number=21&issue_number=1&sp=100,U004|U005,"[{""volume"":1,""printed_page"":65,""viewer_page"":101,""url"":""https://cefael.efa.gr/detail.php?site_id=1&actionID=page&serie_id=EtCret&volume_number=21&issue_number=1&sp=101"",""locally_inspected_page_sha256"":""4bf2f23a28da9668d44cddd0d8adc25e903fb78e9baa461be9fbcab68ab91cea""},{""volume"":1,""printed_page"":64,""viewer_page"":100,""url"":""https://cefael.efa.gr/detail.php?site_id=1&actionID=page&serie_id=EtCret&volume_number=21&issue_number=1&sp=100"",""locally_inspected_page_sha256"":""169970936bbf4e6446409d5f211859696d8460478b8e88d85d03010337d9658c""}]",UNRESOLVED_EDITION_CONTENT_NOT_ACQUIRED,UNRESOLVED_EDITION_CONTENT_NOT_ACQUIRED,UNRESOLVED_NOT_RECONCILED,,,,false
HT 35,/documents/117,ATTRIBUTED_EXACT_SOURCE_RECORD,SOURCE_REPORTED_PAGE_LOCATOR,1,102,https://cefael.efa.gr/detail.php?site_id=1&actionID=page&serie_id=EtCret&volume_number=21&issue_number=1&sp=102,,[],UNRESOLVED_EDITION_CONTENT_NOT_ACQUIRED,UNRESOLVED_EDITION_CONTENT_NOT_ACQUIRED,UNRESOLVED_NOT_RECONCILED,,,,false
HT 36,/documents/118,ATTRIBUTED_EXACT_SOURCE_RECORD,SOURCE_REPORTED_PAGE_LOCATOR,1,104,https://cefael.efa.gr/detail.php?site_id=1&actionID=page&serie_id=EtCret&volume_number=21&issue_number=1&sp=104,,[],UNRESOLVED_EDITION_CONTENT_NOT_ACQUIRED,UNRESOLVED_EDITION_CONTENT_NOT_ACQUIRED,UNRESOLVED_NOT_RECONCILED,,,,false
HT 37,/documents/119,ATTRIBUTED_EXACT_SOURCE_RECORD,SOURCE_REPORTED_PAGE_LOCATOR,1,106,https://cefael.efa.gr/detail.php?site_id=1&actionID=page&serie_id=EtCret&volume_number=21&issue_number=1&sp=106,,[],UNRESOLVED_EDITION_CONTENT_NOT_ACQUIRED,UNRESOLVED_EDITION_CONTENT_NOT_ACQUIRED,UNRESOLVED_NOT_RECONCILED,,,,false
HT 38,/documents/120,ATTRIBUTED_EXACT_SOURCE_RECORD,SOURCE_REPORTED_PAGE_LOCATOR,1,108,https://cefael.efa.gr/detail.php?site_id=1&actionID=page&serie_id=EtCret&volume_number=21&issue_number=1&sp=108,,[],UNRESOLVED_EDITION_CONTENT_NOT_ACQUIRED,UNRESOLVED_EDITION_CONTENT_NOT_ACQUIRED,UNRESOLVED_NOT_RECONCILED,,,,false
HT 39,/documents/121,ATTRIBUTED_EXACT_SOURCE_RECORD,SOURCE_REPORTED_PAGE_LOCATOR,1,110,https://cefael.efa.gr/detail.php?site_id=1&actionID=page&serie_id=EtCret&volume_number=21&issue_number=1&sp=110,,[],UNRESOLVED_EDITION_CONTENT_NOT_ACQUIRED,UNRESOLVED_EDITION_CONTENT_NOT_ACQUIRED,UNRESOLVED_NOT_RECONCILED,,,,false
HT 4,/documents/122,ATTRIBUTED_EXACT_SOURCE_RECORD,SOURCE_REPORTED_PAGE_LOCATOR,1,44,https://cefael.efa.gr/detail.php?site_id=1&actionID=page&serie_id=EtCret&volume_number=21&issue_number=1&sp=44,,[],UNRESOLVED_EDITION_CONTENT_NOT_ACQUIRED,UNRESOLVED_EDITION_CONTENT_NOT_ACQUIRED,UNRESOLVED_NOT_RECONCILED,,,,false
HT 40,/documents/123,ATTRIBUTED_EXACT_SOURCE_RECORD,SOURCE_REPORTED_PAGE_LOCATOR,1,112,https://cefael.efa.gr/detail.php?site_id=1&actionID=page&serie_id=EtCret&volume_number=21&issue_number=1&sp=112,,[],UNRESOLVED_EDITION_CONTENT_NOT_ACQUIRED,UNRESOLVED_EDITION_CONTENT_NOT_ACQUIRED,UNRESOLVED_NOT_RECONCILED,,,,false
HT 41a,/documents/124,ATTRIBUTED_EXACT_SOURCE_RECORD,SOURCE_REPORTED_PAGE_LOCATOR,1,114,https://cefael.efa.gr/detail.php?site_id=1&actionID=page&serie_id=EtCret&volume_number=21&issue_number=1&sp=114,,[],UNRESOLVED_EDITION_CONTENT_NOT_ACQUIRED,UNRESOLVED_EDITION_CONTENT_NOT_ACQUIRED,UNRESOLVED_NOT_RECONCILED,,,,false
HT 41b,/documents/125,ATTRIBUTED_EXACT_SOURCE_RECORD,SOURCE_REPORTED_PAGE_LOCATOR,1,114,https://cefael.efa.gr/detail.php?site_id=1&actionID=page&serie_id=EtCret&volume_number=21&issue_number=1&sp=114,,[],UNRESOLVED_EDITION_CONTENT_NOT_ACQUIRED,UNRESOLVED_EDITION_CONTENT_NOT_ACQUIRED,UNRESOLVED_NOT_RECONCILED,,,,false
HT 42+59,/documents/126,ATTRIBUTED_EXACT_SOURCE_RECORD,SOURCE_REPORTED_PAGE_LOCATOR,1,116,https://cefael.efa.gr/detail.php?site_id=1&actionID=page&serie_id=EtCret&volume_number=21&issue_number=1&sp=116,,[],UNRESOLVED_EDITION_CONTENT_NOT_ACQUIRED,UNRESOLVED_EDITION_CONTENT_NOT_ACQUIRED,UNRESOLVED_NOT_RECONCILED,,,,false
HT 43,/documents/127,ATTRIBUTED_EXACT_SOURCE_RECORD,SOURCE_REPORTED_PAGE_LOCATOR,1,118,https://cefael.efa.gr/detail.php?site_id=1&actionID=page&serie_id=EtCret&volume_number=21&issue_number=1&sp=118,,[],UNRESOLVED_EDITION_CONTENT_NOT_ACQUIRED,UNRESOLVED_EDITION_CONTENT_NOT_ACQUIRED,UNRESOLVED_NOT_RECONCILED,,,,false
HT 44a,/documents/128,ATTRIBUTED_EXACT_SOURCE_RECORD,SOURCE_REPORTED_PAGE_LOCATOR,1,120,https://cefael.efa.gr/detail.php?site_id=1&actionID=page&serie_id=EtCret&volume_number=21&issue_number=1&sp=120,,[],UNRESOLVED_EDITION_CONTENT_NOT_ACQUIRED,UNRESOLVED_EDITION_CONTENT_NOT_ACQUIRED,UNRESOLVED_NOT_RECONCILED,,,,false
HT 44b,/documents/129,ATTRIBUTED_EXACT_SOURCE_RECORD,SOURCE_REPORTED_PAGE_LOCATOR,1,120,https://cefael.efa.gr/detail.php?site_id=1&actionID=page&serie_id=EtCret&volume_number=21&issue_number=1&sp=120,,[],UNRESOLVED_EDITION_CONTENT_NOT_ACQUIRED,UNRESOLVED_EDITION_CONTENT_NOT_ACQUIRED,UNRESOLVED_NOT_RECONCILED,,,,false
HT 45a,/documents/130,ATTRIBUTED_EXACT_SOURCE_RECORD,SOURCE_REPORTED_PAGE_LOCATOR,1,122,https://cefael.efa.gr/detail.php?site_id=1&actionID=page&serie_id=EtCret&volume_number=21&issue_number=1&sp=122,,[],UNRESOLVED_EDITION_CONTENT_NOT_ACQUIRED,UNRESOLVED_EDITION_CONTENT_NOT_ACQUIRED,UNRESOLVED_NOT_RECONCILED,,,,false
HT 45b,/documents/131,ATTRIBUTED_EXACT_SOURCE_RECORD,SOURCE_REPORTED_PAGE_LOCATOR,1,122,https://cefael.efa.gr/detail.php?site_id=1&actionID=page&serie_id=EtCret&volume_number=21&issue_number=1&sp=122,,[],UNRESOLVED_EDITION_CONTENT_NOT_ACQUIRED,UNRESOLVED_EDITION_CONTENT_NOT_ACQUIRED,UNRESOLVED_NOT_RECONCILED,,,,false
HT 46a,/documents/132,ATTRIBUTED_EXACT_SOURCE_RECORD,SOURCE_REPORTED_PAGE_LOCATOR,1,124,https://cefael.efa.gr/detail.php?site_id=1&actionID=page&serie_id=EtCret&volume_number=21&issue_number=1&sp=124,,[],UNRESOLVED_EDITION_CONTENT_NOT_ACQUIRED,UNRESOLVED_EDITION_CONTENT_NOT_ACQUIRED,UNRESOLVED_NOT_RECONCILED,,,,false
HT 46b,/documents/133,ATTRIBUTED_EXACT_SOURCE_RECORD,SOURCE_REPORTED_PAGE_LOCATOR,1,124,https://cefael.efa.gr/detail.php?site_id=1&actionID=page&serie_id=EtCret&volume_number=21&issue_number=1&sp=124,,[],UNRESOLVED_EDITION_CONTENT_NOT_ACQUIRED,UNRESOLVED_EDITION_CONTENT_NOT_ACQUIRED,UNRESOLVED_NOT_RECONCILED,,,,false
HT 47a,/documents/134,ATTRIBUTED_EXACT_SOURCE_RECORD,SOURCE_REPORTED_PAGE_LOCATOR,1,126,https://cefael.efa.gr/detail.php?site_id=1&actionID=page&serie_id=EtCret&volume_number=21&issue_number=1&sp=126,,[],UNRESOLVED_EDITION_CONTENT_NOT_ACQUIRED,UNRESOLVED_EDITION_CONTENT_NOT_ACQUIRED,UNRESOLVED_NOT_RECONCILED,,,,false
HT 47b,/documents/135,ATTRIBUTED_EXACT_SOURCE_RECORD,SOURCE_REPORTED_PAGE_LOCATOR,1,126,https://cefael.efa.gr/detail.php?site_id=1&actionID=page&serie_id=EtCret&volume_number=21&issue_number=1&sp=126,,[],UNRESOLVED_EDITION_CONTENT_NOT_ACQUIRED,UNRESOLVED_EDITION_CONTENT_NOT_ACQUIRED,UNRESOLVED_NOT_RECONCILED,,,,false
HT 49a,/documents/136,ATTRIBUTED_EXACT_SOURCE_RECORD,PRIMARY_CASE_PAGES_INSPECTED,1,128,https://cefael.efa.gr/detail.php?site_id=1&actionID=page&serie_id=EtCret&volume_number=21&issue_number=1&sp=128,U006,"[{""volume"":1,""printed_page"":93,""viewer_page"":129,""url"":""https://cefael.efa.gr/detail.php?site_id=1&actionID=page&serie_id=EtCret&volume_number=21&issue_number=1&sp=129"",""locally_inspected_page_sha256"":""bf12de96d167a7cd30342aae59f363fb48f3c49639153d505e78d349f01a1230""},{""volume"":1,""printed_page"":92,""viewer_page"":128,""url"":""https://cefael.efa.gr/detail.php?site_id=1&actionID=page&serie_id=EtCret&volume_number=21&issue_number=1&sp=128"",""locally_inspected_page_sha256"":""48d2a33925dff041087a2524952664f9e1182a2833a4a3aee2e4c1585875c78d""}]",UNRESOLVED_EDITION_CONTENT_NOT_ACQUIRED,UNRESOLVED_EDITION_CONTENT_NOT_ACQUIRED,UNRESOLVED_NOT_RECONCILED,,,,false
HT 49b,/documents/137,ATTRIBUTED_EXACT_SOURCE_RECORD,SOURCE_REPORTED_PAGE_LOCATOR,1,130,https://cefael.efa.gr/detail.php?site_id=1&actionID=page&serie_id=EtCret&volume_number=21&issue_number=1&sp=130,,[],UNRESOLVED_EDITION_CONTENT_NOT_ACQUIRED,UNRESOLVED_EDITION_CONTENT_NOT_ACQUIRED,UNRESOLVED_NOT_RECONCILED,,,,false
HT 5,/documents/138,ATTRIBUTED_EXACT_SOURCE_RECORD,SOURCE_REPORTED_PAGE_LOCATOR,1,46,https://cefael.efa.gr/detail.php?site_id=1&actionID=page&serie_id=EtCret&volume_number=21&issue_number=1&sp=46,,[],UNRESOLVED_EDITION_CONTENT_NOT_ACQUIRED,UNRESOLVED_EDITION_CONTENT_NOT_ACQUIRED,UNRESOLVED_NOT_RECONCILED,,,,false
HT 50a,/documents/139,ATTRIBUTED_EXACT_SOURCE_RECORD,SOURCE_REPORTED_PAGE_LOCATOR,1,132,https://cefael.efa.gr/detail.php?site_id=1&actionID=page&serie_id=EtCret&volume_number=21&issue_number=1&sp=132,,[],UNRESOLVED_EDITION_CONTENT_NOT_ACQUIRED,UNRESOLVED_EDITION_CONTENT_NOT_ACQUIRED,UNRESOLVED_NOT_RECONCILED,,,,false
HT 50b,/documents/140,ATTRIBUTED_EXACT_SOURCE_RECORD,SOURCE_REPORTED_PAGE_LOCATOR,1,132,https://cefael.efa.gr/detail.php?site_id=1&actionID=page&serie_id=EtCret&volume_number=21&issue_number=1&sp=132,,[],UNRESOLVED_EDITION_CONTENT_NOT_ACQUIRED,UNRESOLVED_EDITION_CONTENT_NOT_ACQUIRED,UNRESOLVED_NOT_RECONCILED,,,,false
HT 51a,/documents/141,ATTRIBUTED_EXACT_SOURCE_RECORD,SOURCE_REPORTED_PAGE_LOCATOR,1,134,https://cefael.efa.gr/detail.php?site_id=1&actionID=page&serie_id=EtCret&volume_number=21&issue_number=1&sp=134,,[],UNRESOLVED_EDITION_CONTENT_NOT_ACQUIRED,UNRESOLVED_EDITION_CONTENT_NOT_ACQUIRED,UNRESOLVED_NOT_RECONCILED,,,,false
HT 51b,/documents/142,ATTRIBUTED_EXACT_SOURCE_RECORD,SOURCE_REPORTED_PAGE_LOCATOR,1,134,https://cefael.efa.gr/detail.php?site_id=1&actionID=page&serie_id=EtCret&volume_number=21&issue_number=1&sp=134,,[],UNRESOLVED_EDITION_CONTENT_NOT_ACQUIRED,UNRESOLVED_EDITION_CONTENT_NOT_ACQUIRED,UNRESOLVED_NOT_RECONCILED,,,,false
HT 52a,/documents/143,ATTRIBUTED_EXACT_SOURCE_RECORD,SOURCE_REPORTED_PAGE_LOCATOR,1,136,https://cefael.efa.gr/detail.php?site_id=1&actionID=page&serie_id=EtCret&volume_number=21&issue_number=1&sp=136,,[],UNRESOLVED_EDITION_CONTENT_NOT_ACQUIRED,UNRESOLVED_EDITION_CONTENT_NOT_ACQUIRED,UNRESOLVED_NOT_RECONCILED,,,,false
HT 52b,/documents/144,ATTRIBUTED_EXACT_SOURCE_RECORD,SOURCE_REPORTED_PAGE_LOCATOR,1,136,https://cefael.efa.gr/detail.php?site_id=1&actionID=page&serie_id=EtCret&volume_number=21&issue_number=1&sp=136,,[],UNRESOLVED_EDITION_CONTENT_NOT_ACQUIRED,UNRESOLVED_EDITION_CONTENT_NOT_ACQUIRED,UNRESOLVED_NOT_RECONCILED,,,,false
HT 53a,/documents/145,ATTRIBUTED_EXACT_SOURCE_RECORD,SOURCE_REPORTED_PAGE_LOCATOR,1,136,https://cefael.efa.gr/detail.php?site_id=1&actionID=page&serie_id=EtCret&volume_number=21&issue_number=1&sp=136,,[],UNRESOLVED_EDITION_CONTENT_NOT_ACQUIRED,UNRESOLVED_EDITION_CONTENT_NOT_ACQUIRED,UNRESOLVED_NOT_RECONCILED,,,,false
HT 53b,/documents/146,ATTRIBUTED_EXACT_SOURCE_RECORD,SOURCE_REPORTED_PAGE_LOCATOR,1,136,https://cefael.efa.gr/detail.php?site_id=1&actionID=page&serie_id=EtCret&volume_number=21&issue_number=1&sp=136,,[],UNRESOLVED_EDITION_CONTENT_NOT_ACQUIRED,UNRESOLVED_EDITION_CONTENT_NOT_ACQUIRED,UNRESOLVED_NOT_RECONCILED,,,,false
HT 54a,/documents/147,ATTRIBUTED_EXACT_SOURCE_RECORD,SOURCE_REPORTED_PAGE_LOCATOR,1,140,https://cefael.efa.gr/detail.php?site_id=1&actionID=page&serie_id=EtCret&volume_number=21&issue_number=1&sp=140,,[],UNRESOLVED_EDITION_CONTENT_NOT_ACQUIRED,UNRESOLVED_EDITION_CONTENT_NOT_ACQUIRED,UNRESOLVED_NOT_RECONCILED,,,,false
HT 54b,/documents/148,ATTRIBUTED_EXACT_SOURCE_RECORD,SOURCE_REPORTED_PAGE_LOCATOR,1,140,https://cefael.efa.gr/detail.php?site_id=1&actionID=page&serie_id=EtCret&volume_number=21&issue_number=1&sp=140,,[],UNRESOLVED_EDITION_CONTENT_NOT_ACQUIRED,UNRESOLVED_EDITION_CONTENT_NOT_ACQUIRED,UNRESOLVED_NOT_RECONCILED,,,,false
HT 55a,/documents/149,ATTRIBUTED_EXACT_SOURCE_RECORD,SOURCE_REPORTED_PAGE_LOCATOR,1,142,https://cefael.efa.gr/detail.php?site_id=1&actionID=page&serie_id=EtCret&volume_number=21&issue_number=1&sp=142,,[],UNRESOLVED_EDITION_CONTENT_NOT_ACQUIRED,UNRESOLVED_EDITION_CONTENT_NOT_ACQUIRED,UNRESOLVED_NOT_RECONCILED,,,,false
HT 55b,/documents/150,ATTRIBUTED_EXACT_SOURCE_RECORD,SOURCE_REPORTED_PAGE_LOCATOR,1,142,https://cefael.efa.gr/detail.php?site_id=1&actionID=page&serie_id=EtCret&volume_number=21&issue_number=1&sp=142,,[],UNRESOLVED_EDITION_CONTENT_NOT_ACQUIRED,UNRESOLVED_EDITION_CONTENT_NOT_ACQUIRED,UNRESOLVED_NOT_RECONCILED,,,,false
HT 56a,/documents/151,ATTRIBUTED_EXACT_SOURCE_RECORD,SOURCE_REPORTED_PAGE_LOCATOR,1,144,https://cefael.efa.gr/detail.php?site_id=1&actionID=page&serie_id=EtCret&volume_number=21&issue_number=1&sp=144,,[],UNRESOLVED_EDITION_CONTENT_NOT_ACQUIRED,UNRESOLVED_EDITION_CONTENT_NOT_ACQUIRED,UNRESOLVED_NOT_RECONCILED,,,,false
HT 56b,/documents/152,ATTRIBUTED_EXACT_SOURCE_RECORD,SOURCE_REPORTED_PAGE_LOCATOR,1,144,https://cefael.efa.gr/detail.php?site_id=1&actionID=page&serie_id=EtCret&volume_number=21&issue_number=1&sp=144,,[],UNRESOLVED_EDITION_CONTENT_NOT_ACQUIRED,UNRESOLVED_EDITION_CONTENT_NOT_ACQUIRED,UNRESOLVED_NOT_RECONCILED,,,,false
HT 57a,/documents/153,ATTRIBUTED_EXACT_SOURCE_RECORD,SOURCE_REPORTED_PAGE_LOCATOR,1,146,https://cefael.efa.gr/detail.php?site_id=1&actionID=page&serie_id=EtCret&volume_number=21&issue_number=1&sp=146,,[],UNRESOLVED_EDITION_CONTENT_NOT_ACQUIRED,UNRESOLVED_EDITION_CONTENT_NOT_ACQUIRED,UNRESOLVED_NOT_RECONCILED,,,,false
HT 57b,/documents/154,ATTRIBUTED_EXACT_SOURCE_RECORD,SOURCE_REPORTED_PAGE_LOCATOR,1,146,https://cefael.efa.gr/detail.php?site_id=1&actionID=page&serie_id=EtCret&volume_number=21&issue_number=1&sp=146,,[],UNRESOLVED_EDITION_CONTENT_NOT_ACQUIRED,UNRESOLVED_EDITION_CONTENT_NOT_ACQUIRED,UNRESOLVED_NOT_RECONCILED,,,,false
HT 58,/documents/155,ATTRIBUTED_EXACT_SOURCE_RECORD,SOURCE_REPORTED_PAGE_LOCATOR,1,148,https://cefael.efa.gr/detail.php?site_id=1&actionID=page&serie_id=EtCret&volume_number=21&issue_number=1&sp=148,,[],UNRESOLVED_EDITION_CONTENT_NOT_ACQUIRED,UNRESOLVED_EDITION_CONTENT_NOT_ACQUIRED,UNRESOLVED_NOT_RECONCILED,,,,false
HT 60,/documents/156,ATTRIBUTED_EXACT_SOURCE_RECORD,SOURCE_REPORTED_PAGE_LOCATOR,1,150,https://cefael.efa.gr/detail.php?site_id=1&actionID=page&serie_id=EtCret&volume_number=21&issue_number=1&sp=150,,[],UNRESOLVED_EDITION_CONTENT_NOT_ACQUIRED,UNRESOLVED_EDITION_CONTENT_NOT_ACQUIRED,UNRESOLVED_NOT_RECONCILED,,,,false
HT 61,/documents/157,ATTRIBUTED_EXACT_SOURCE_RECORD,SOURCE_REPORTED_PAGE_LOCATOR,1,150,https://cefael.efa.gr/detail.php?site_id=1&actionID=page&serie_id=EtCret&volume_number=21&issue_number=1&sp=150,,[],UNRESOLVED_EDITION_CONTENT_NOT_ACQUIRED,UNRESOLVED_EDITION_CONTENT_NOT_ACQUIRED,UNRESOLVED_NOT_RECONCILED,,,,false
HT 62+73,/documents/158,ATTRIBUTED_EXACT_SOURCE_RECORD,SOURCE_REPORTED_PAGE_LOCATOR,1,152,https://cefael.efa.gr/detail.php?site_id=1&actionID=page&serie_id=EtCret&volume_number=21&issue_number=1&sp=152,,[],UNRESOLVED_EDITION_CONTENT_NOT_ACQUIRED,UNRESOLVED_EDITION_CONTENT_NOT_ACQUIRED,UNRESOLVED_NOT_RECONCILED,,,,false
HT 63,/documents/159,ATTRIBUTED_EXACT_SOURCE_RECORD,SOURCE_REPORTED_PAGE_LOCATOR,1,154,https://cefael.efa.gr/detail.php?site_id=1&actionID=page&serie_id=EtCret&volume_number=21&issue_number=1&sp=154,,[],UNRESOLVED_EDITION_CONTENT_NOT_ACQUIRED,UNRESOLVED_EDITION_CONTENT_NOT_ACQUIRED,UNRESOLVED_NOT_RECONCILED,,,,false
HT 64,/documents/160,ATTRIBUTED_EXACT_SOURCE_RECORD,SOURCE_REPORTED_PAGE_LOCATOR,1,154,https://cefael.efa.gr/detail.php?site_id=1&actionID=page&serie_id=EtCret&volume_number=21&issue_number=1&sp=154,,[],UNRESOLVED_EDITION_CONTENT_NOT_ACQUIRED,UNRESOLVED_EDITION_CONTENT_NOT_ACQUIRED,UNRESOLVED_NOT_RECONCILED,,,,false
HT 65,/documents/161,ATTRIBUTED_EXACT_SOURCE_RECORD,SOURCE_REPORTED_PAGE_LOCATOR,1,156,https://cefael.efa.gr/detail.php?site_id=1&actionID=page&serie_id=EtCret&volume_number=21&issue_number=1&sp=156,,[],UNRESOLVED_EDITION_CONTENT_NOT_ACQUIRED,UNRESOLVED_EDITION_CONTENT_NOT_ACQUIRED,UNRESOLVED_NOT_RECONCILED,,,,false
HT 66,/documents/162,ATTRIBUTED_EXACT_SOURCE_RECORD,SOURCE_REPORTED_PAGE_LOCATOR,1,156,https://cefael.efa.gr/detail.php?site_id=1&actionID=page&serie_id=EtCret&volume_number=21&issue_number=1&sp=156,,[],UNRESOLVED_EDITION_CONTENT_NOT_ACQUIRED,UNRESOLVED_EDITION_CONTENT_NOT_ACQUIRED,UNRESOLVED_NOT_RECONCILED,,,,false
HT 68,/documents/163,ATTRIBUTED_EXACT_SOURCE_RECORD,SOURCE_REPORTED_PAGE_LOCATOR,1,158,https://cefael.efa.gr/detail.php?site_id=1&actionID=page&serie_id=EtCret&volume_number=21&issue_number=1&sp=158,,[],UNRESOLVED_EDITION_CONTENT_NOT_ACQUIRED,UNRESOLVED_EDITION_CONTENT_NOT_ACQUIRED,UNRESOLVED_NOT_RECONCILED,,,,false
HT 69,/documents/164,ATTRIBUTED_EXACT_SOURCE_RECORD,SOURCE_REPORTED_PAGE_LOCATOR,1,158,https://cefael.efa.gr/detail.php?site_id=1&actionID=page&serie_id=EtCret&volume_number=21&issue_number=1&sp=158,,[],UNRESOLVED_EDITION_CONTENT_NOT_ACQUIRED,UNRESOLVED_EDITION_CONTENT_NOT_ACQUIRED,UNRESOLVED_NOT_RECONCILED,,,,false
HT 6a,/documents/165,ATTRIBUTED_EXACT_SOURCE_RECORD,SOURCE_REPORTED_PAGE_LOCATOR,1,48,https://cefael.efa.gr/detail.php?site_id=1&actionID=page&serie_id=EtCret&volume_number=21&issue_number=1&sp=48,,[],UNRESOLVED_EDITION_CONTENT_NOT_ACQUIRED,UNRESOLVED_EDITION_CONTENT_NOT_ACQUIRED,UNRESOLVED_NOT_RECONCILED,,,,false
HT 6b,/documents/166,ATTRIBUTED_EXACT_SOURCE_RECORD,SOURCE_REPORTED_PAGE_LOCATOR,1,48,https://cefael.efa.gr/detail.php?site_id=1&actionID=page&serie_id=EtCret&volume_number=21&issue_number=1&sp=48,,[],UNRESOLVED_EDITION_CONTENT_NOT_ACQUIRED,UNRESOLVED_EDITION_CONTENT_NOT_ACQUIRED,UNRESOLVED_NOT_RECONCILED,,,,false
HT 70,/documents/167,ATTRIBUTED_EXACT_SOURCE_RECORD,SOURCE_REPORTED_PAGE_LOCATOR,1,158,https://cefael.efa.gr/detail.php?site_id=1&actionID=page&serie_id=EtCret&volume_number=21&issue_number=1&sp=158,,[],UNRESOLVED_EDITION_CONTENT_NOT_ACQUIRED,UNRESOLVED_EDITION_CONTENT_NOT_ACQUIRED,UNRESOLVED_NOT_RECONCILED,,,,false
HT 72,/documents/168,ATTRIBUTED_EXACT_SOURCE_RECORD,SOURCE_REPORTED_PAGE_LOCATOR,1,160,https://cefael.efa.gr/detail.php?site_id=1&actionID=page&serie_id=EtCret&volume_number=21&issue_number=1&sp=160,,[],UNRESOLVED_EDITION_CONTENT_NOT_ACQUIRED,UNRESOLVED_EDITION_CONTENT_NOT_ACQUIRED,UNRESOLVED_NOT_RECONCILED,,,,false
HT 74,/documents/169,ATTRIBUTED_EXACT_SOURCE_RECORD,SOURCE_REPORTED_PAGE_LOCATOR,1,160,https://cefael.efa.gr/detail.php?site_id=1&actionID=page&serie_id=EtCret&volume_number=21&issue_number=1&sp=160,,[],UNRESOLVED_EDITION_CONTENT_NOT_ACQUIRED,UNRESOLVED_EDITION_CONTENT_NOT_ACQUIRED,UNRESOLVED_NOT_RECONCILED,,,,false
HT 75,/documents/170,ATTRIBUTED_EXACT_SOURCE_RECORD,SOURCE_REPORTED_PAGE_LOCATOR,1,160,https://cefael.efa.gr/detail.php?site_id=1&actionID=page&serie_id=EtCret&volume_number=21&issue_number=1&sp=160,,[],UNRESOLVED_EDITION_CONTENT_NOT_ACQUIRED,UNRESOLVED_EDITION_CONTENT_NOT_ACQUIRED,UNRESOLVED_NOT_RECONCILED,,,,false
HT 78,/documents/171,ATTRIBUTED_EXACT_SOURCE_RECORD,SOURCE_REPORTED_PAGE_LOCATOR,1,162,https://cefael.efa.gr/detail.php?site_id=1&actionID=page&serie_id=EtCret&volume_number=21&issue_number=1&sp=162,,[],UNRESOLVED_EDITION_CONTENT_NOT_ACQUIRED,UNRESOLVED_EDITION_CONTENT_NOT_ACQUIRED,UNRESOLVED_NOT_RECONCILED,,,,false
HT 79+83,/documents/172,ATTRIBUTED_EXACT_SOURCE_RECORD,SOURCE_REPORTED_PAGE_LOCATOR,1,162,https://cefael.efa.gr/detail.php?site_id=1&actionID=page&serie_id=EtCret&volume_number=21&issue_number=1&sp=162,,[],UNRESOLVED_EDITION_CONTENT_NOT_ACQUIRED,UNRESOLVED_EDITION_CONTENT_NOT_ACQUIRED,UNRESOLVED_NOT_RECONCILED,,,,false
HT 7a,/documents/173,ATTRIBUTED_EXACT_SOURCE_RECORD,SOURCE_REPORTED_PAGE_LOCATOR,1,50,https://cefael.efa.gr/detail.php?site_id=1&actionID=page&serie_id=EtCret&volume_number=21&issue_number=1&sp=50,,[],UNRESOLVED_EDITION_CONTENT_NOT_ACQUIRED,UNRESOLVED_EDITION_CONTENT_NOT_ACQUIRED,UNRESOLVED_NOT_RECONCILED,,,,false
HT 7b,/documents/174,ATTRIBUTED_EXACT_SOURCE_RECORD,SOURCE_REPORTED_PAGE_LOCATOR,1,50,https://cefael.efa.gr/detail.php?site_id=1&actionID=page&serie_id=EtCret&volume_number=21&issue_number=1&sp=50,,[],UNRESOLVED_EDITION_CONTENT_NOT_ACQUIRED,UNRESOLVED_EDITION_CONTENT_NOT_ACQUIRED,UNRESOLVED_NOT_RECONCILED,,,,false
HT 80,/documents/175,ATTRIBUTED_EXACT_SOURCE_RECORD,SOURCE_REPORTED_PAGE_LOCATOR,1,162,https://cefael.efa.gr/detail.php?site_id=1&actionID=page&serie_id=EtCret&volume_number=21&issue_number=1&sp=162,,[],UNRESOLVED_EDITION_CONTENT_NOT_ACQUIRED,UNRESOLVED_EDITION_CONTENT_NOT_ACQUIRED,UNRESOLVED_NOT_RECONCILED,,,,false
HT 81,/documents/176,ATTRIBUTED_EXACT_SOURCE_RECORD,SOURCE_REPORTED_PAGE_LOCATOR,1,164,https://cefael.efa.gr/detail.php?site_id=1&actionID=page&serie_id=EtCret&volume_number=21&issue_number=1&sp=164,,[],UNRESOLVED_EDITION_CONTENT_NOT_ACQUIRED,UNRESOLVED_EDITION_CONTENT_NOT_ACQUIRED,UNRESOLVED_NOT_RECONCILED,,,,false
HT 82,/documents/177,ATTRIBUTED_EXACT_SOURCE_RECORD,SOURCE_REPORTED_PAGE_LOCATOR,1,164,https://cefael.efa.gr/detail.php?site_id=1&actionID=page&serie_id=EtCret&volume_number=21&issue_number=1&sp=164,,[],UNRESOLVED_EDITION_CONTENT_NOT_ACQUIRED,UNRESOLVED_EDITION_CONTENT_NOT_ACQUIRED,UNRESOLVED_NOT_RECONCILED,,,,false
HT 84,/documents/178,ATTRIBUTED_EXACT_SOURCE_RECORD,SOURCE_REPORTED_PAGE_LOCATOR,1,164,https://cefael.efa.gr/detail.php?site_id=1&actionID=page&serie_id=EtCret&volume_number=21&issue_number=1&sp=164,,[],UNRESOLVED_EDITION_CONTENT_NOT_ACQUIRED,UNRESOLVED_EDITION_CONTENT_NOT_ACQUIRED,UNRESOLVED_NOT_RECONCILED,,,,false
HT 85a,/documents/179,ATTRIBUTED_EXACT_SOURCE_RECORD,SOURCE_REPORTED_PAGE_LOCATOR,1,166,https://cefael.efa.gr/detail.php?site_id=1&actionID=page&serie_id=EtCret&volume_number=21&issue_number=1&sp=166,,[],UNRESOLVED_EDITION_CONTENT_NOT_ACQUIRED,UNRESOLVED_EDITION_CONTENT_NOT_ACQUIRED,UNRESOLVED_NOT_RECONCILED,,,,false
HT 85b,/documents/180,ATTRIBUTED_EXACT_SOURCE_RECORD,SOURCE_REPORTED_PAGE_LOCATOR,1,168,https://cefael.efa.gr/detail.php?site_id=1&actionID=page&serie_id=EtCret&volume_number=21&issue_number=1&sp=168,,[],UNRESOLVED_EDITION_CONTENT_NOT_ACQUIRED,UNRESOLVED_EDITION_CONTENT_NOT_ACQUIRED,UNRESOLVED_NOT_RECONCILED,,,,false
HT 86a,/documents/181,ATTRIBUTED_EXACT_SOURCE_RECORD,SOURCE_REPORTED_PAGE_LOCATOR,1,170,https://cefael.efa.gr/detail.php?site_id=1&actionID=page&serie_id=EtCret&volume_number=21&issue_number=1&sp=170,,[],UNRESOLVED_EDITION_CONTENT_NOT_ACQUIRED,UNRESOLVED_EDITION_CONTENT_NOT_ACQUIRED,UNRESOLVED_NOT_RECONCILED,,,,false
HT 86b,/documents/182,ATTRIBUTED_EXACT_SOURCE_RECORD,SOURCE_REPORTED_PAGE_LOCATOR,1,170,https://cefael.efa.gr/detail.php?site_id=1&actionID=page&serie_id=EtCret&volume_number=21&issue_number=1&sp=170,,[],UNRESOLVED_EDITION_CONTENT_NOT_ACQUIRED,UNRESOLVED_EDITION_CONTENT_NOT_ACQUIRED,UNRESOLVED_NOT_RECONCILED,,,,false
HT 87,/documents/183,ATTRIBUTED_EXACT_SOURCE_RECORD,SOURCE_REPORTED_PAGE_LOCATOR,1,172,https://cefael.efa.gr/detail.php?site_id=1&actionID=page&serie_id=EtCret&volume_number=21&issue_number=1&sp=172,,[],UNRESOLVED_EDITION_CONTENT_NOT_ACQUIRED,UNRESOLVED_EDITION_CONTENT_NOT_ACQUIRED,UNRESOLVED_NOT_RECONCILED,,,,false
HT 88,/documents/184,ATTRIBUTED_EXACT_SOURCE_RECORD,SOURCE_REPORTED_PAGE_LOCATOR,1,174,https://cefael.efa.gr/detail.php?site_id=1&actionID=page&serie_id=EtCret&volume_number=21&issue_number=1&sp=174,,[],UNRESOLVED_EDITION_CONTENT_NOT_ACQUIRED,UNRESOLVED_EDITION_CONTENT_NOT_ACQUIRED,UNRESOLVED_NOT_RECONCILED,,,,false
HT 89,/documents/185,ATTRIBUTED_EXACT_SOURCE_RECORD,SOURCE_REPORTED_PAGE_LOCATOR,1,176,https://cefael.efa.gr/detail.php?site_id=1&actionID=page&serie_id=EtCret&volume_number=21&issue_number=1&sp=176,,[],UNRESOLVED_EDITION_CONTENT_NOT_ACQUIRED,UNRESOLVED_EDITION_CONTENT_NOT_ACQUIRED,UNRESOLVED_NOT_RECONCILED,,,,false
HT 8a,/documents/186,ATTRIBUTED_EXACT_SOURCE_RECORD,SOURCE_REPORTED_PAGE_LOCATOR,1,52,https://cefael.efa.gr/detail.php?site_id=1&actionID=page&serie_id=EtCret&volume_number=21&issue_number=1&sp=52,,[],UNRESOLVED_EDITION_CONTENT_NOT_ACQUIRED,UNRESOLVED_EDITION_CONTENT_NOT_ACQUIRED,UNRESOLVED_NOT_RECONCILED,,,,false
HT 8b,/documents/187,ATTRIBUTED_EXACT_SOURCE_RECORD,SOURCE_REPORTED_PAGE_LOCATOR,1,52,https://cefael.efa.gr/detail.php?site_id=1&actionID=page&serie_id=EtCret&volume_number=21&issue_number=1&sp=52,,[],UNRESOLVED_EDITION_CONTENT_NOT_ACQUIRED,UNRESOLVED_EDITION_CONTENT_NOT_ACQUIRED,UNRESOLVED_NOT_RECONCILED,,,,false
HT 90,/documents/188,ATTRIBUTED_EXACT_SOURCE_RECORD,SOURCE_REPORTED_PAGE_LOCATOR,1,178,https://cefael.efa.gr/detail.php?site_id=1&actionID=page&serie_id=EtCret&volume_number=21&issue_number=1&sp=178,,[],UNRESOLVED_EDITION_CONTENT_NOT_ACQUIRED,UNRESOLVED_EDITION_CONTENT_NOT_ACQUIRED,UNRESOLVED_NOT_RECONCILED,,,,false
HT 91,/documents/189,ATTRIBUTED_EXACT_SOURCE_RECORD,SOURCE_REPORTED_PAGE_LOCATOR,1,180,https://cefael.efa.gr/detail.php?site_id=1&actionID=page&serie_id=EtCret&volume_number=21&issue_number=1&sp=180,,[],UNRESOLVED_EDITION_CONTENT_NOT_ACQUIRED,UNRESOLVED_EDITION_CONTENT_NOT_ACQUIRED,UNRESOLVED_NOT_RECONCILED,,,,false
HT 92,/documents/190,ATTRIBUTED_EXACT_SOURCE_RECORD,SOURCE_REPORTED_PAGE_LOCATOR,1,180,https://cefael.efa.gr/detail.php?site_id=1&actionID=page&serie_id=EtCret&volume_number=21&issue_number=1&sp=180,,[],UNRESOLVED_EDITION_CONTENT_NOT_ACQUIRED,UNRESOLVED_EDITION_CONTENT_NOT_ACQUIRED,UNRESOLVED_NOT_RECONCILED,,,,false
HT 93a,/documents/191,ATTRIBUTED_EXACT_SOURCE_RECORD,SOURCE_REPORTED_PAGE_LOCATOR,1,182,https://cefael.efa.gr/detail.php?site_id=1&actionID=page&serie_id=EtCret&volume_number=21&issue_number=1&sp=182,,[],UNRESOLVED_EDITION_CONTENT_NOT_ACQUIRED,UNRESOLVED_EDITION_CONTENT_NOT_ACQUIRED,UNRESOLVED_NOT_RECONCILED,,,,false
HT 93b,/documents/192,ATTRIBUTED_EXACT_SOURCE_RECORD,SOURCE_REPORTED_PAGE_LOCATOR,1,184,https://cefael.efa.gr/detail.php?site_id=1&actionID=page&serie_id=EtCret&volume_number=21&issue_number=1&sp=184,,[],UNRESOLVED_EDITION_CONTENT_NOT_ACQUIRED,UNRESOLVED_EDITION_CONTENT_NOT_ACQUIRED,UNRESOLVED_NOT_RECONCILED,,,,false
HT 94a,/documents/193,ATTRIBUTED_EXACT_SOURCE_RECORD,SOURCE_REPORTED_PAGE_LOCATOR,1,186,https://cefael.efa.gr/detail.php?site_id=1&actionID=page&serie_id=EtCret&volume_number=21&issue_number=1&sp=186,,[],UNRESOLVED_EDITION_CONTENT_NOT_ACQUIRED,UNRESOLVED_EDITION_CONTENT_NOT_ACQUIRED,UNRESOLVED_NOT_RECONCILED,,,,false
HT 94b,/documents/194,ATTRIBUTED_EXACT_SOURCE_RECORD,SOURCE_REPORTED_PAGE_LOCATOR,1,188,https://cefael.efa.gr/detail.php?site_id=1&actionID=page&serie_id=EtCret&volume_number=21&issue_number=1&sp=188,,[],UNRESOLVED_EDITION_CONTENT_NOT_ACQUIRED,UNRESOLVED_EDITION_CONTENT_NOT_ACQUIRED,UNRESOLVED_NOT_RECONCILED,,,,false
HT 95a,/documents/195,ATTRIBUTED_EXACT_SOURCE_RECORD,SOURCE_REPORTED_PAGE_LOCATOR,1,190,https://cefael.efa.gr/detail.php?site_id=1&actionID=page&serie_id=EtCret&volume_number=21&issue_number=1&sp=190,,[],UNRESOLVED_EDITION_CONTENT_NOT_ACQUIRED,UNRESOLVED_EDITION_CONTENT_NOT_ACQUIRED,UNRESOLVED_NOT_RECONCILED,,,,false
HT 95b,/documents/196,ATTRIBUTED_EXACT_SOURCE_RECORD,SOURCE_REPORTED_PAGE_LOCATOR,1,190,https://cefael.efa.gr/detail.php?site_id=1&actionID=page&serie_id=EtCret&volume_number=21&issue_number=1&sp=190,,[],UNRESOLVED_EDITION_CONTENT_NOT_ACQUIRED,UNRESOLVED_EDITION_CONTENT_NOT_ACQUIRED,UNRESOLVED_NOT_RECONCILED,,,,false
HT 96a,/documents/197,ATTRIBUTED_EXACT_SOURCE_RECORD,SOURCE_REPORTED_PAGE_LOCATOR,1,192,https://cefael.efa.gr/detail.php?site_id=1&actionID=page&serie_id=EtCret&volume_number=21&issue_number=1&sp=192,,[],UNRESOLVED_EDITION_CONTENT_NOT_ACQUIRED,UNRESOLVED_EDITION_CONTENT_NOT_ACQUIRED,UNRESOLVED_NOT_RECONCILED,,,,false
HT 96b,/documents/198,ATTRIBUTED_EXACT_SOURCE_RECORD,SOURCE_REPORTED_PAGE_LOCATOR,1,192,https://cefael.efa.gr/detail.php?site_id=1&actionID=page&serie_id=EtCret&volume_number=21&issue_number=1&sp=192,,[],UNRESOLVED_EDITION_CONTENT_NOT_ACQUIRED,UNRESOLVED_EDITION_CONTENT_NOT_ACQUIRED,UNRESOLVED_NOT_RECONCILED,,,,false
HT 97a,/documents/199,ATTRIBUTED_EXACT_SOURCE_RECORD,SOURCE_REPORTED_PAGE_LOCATOR,1,194,https://cefael.efa.gr/detail.php?site_id=1&actionID=page&serie_id=EtCret&volume_number=21&issue_number=1&sp=194,,[],UNRESOLVED_EDITION_CONTENT_NOT_ACQUIRED,UNRESOLVED_EDITION_CONTENT_NOT_ACQUIRED,UNRESOLVED_NOT_RECONCILED,,,,false
HT 97b,/documents/200,ATTRIBUTED_EXACT_SOURCE_RECORD,SOURCE_REPORTED_PAGE_LOCATOR,1,194,https://cefael.efa.gr/detail.php?site_id=1&actionID=page&serie_id=EtCret&volume_number=21&issue_number=1&sp=194,,[],UNRESOLVED_EDITION_CONTENT_NOT_ACQUIRED,UNRESOLVED_EDITION_CONTENT_NOT_ACQUIRED,UNRESOLVED_NOT_RECONCILED,,,,false
HT 98a,/documents/201,ATTRIBUTED_EXACT_SOURCE_RECORD,SOURCE_REPORTED_PAGE_LOCATOR,1,196,https://cefael.efa.gr/detail.php?site_id=1&actionID=page&serie_id=EtCret&volume_number=21&issue_number=1&sp=196,,[],UNRESOLVED_EDITION_CONTENT_NOT_ACQUIRED,UNRESOLVED_EDITION_CONTENT_NOT_ACQUIRED,UNRESOLVED_NOT_RECONCILED,,,,false
HT 98b,/documents/202,ATTRIBUTED_EXACT_SOURCE_RECORD,SOURCE_REPORTED_PAGE_LOCATOR,1,196,https://cefael.efa.gr/detail.php?site_id=1&actionID=page&serie_id=EtCret&volume_number=21&issue_number=1&sp=196,,[],UNRESOLVED_EDITION_CONTENT_NOT_ACQUIRED,UNRESOLVED_EDITION_CONTENT_NOT_ACQUIRED,UNRESOLVED_NOT_RECONCILED,,,,false
HT 99a,/documents/203,ATTRIBUTED_EXACT_SOURCE_RECORD,SOURCE_REPORTED_PAGE_LOCATOR,1,198,https://cefael.efa.gr/detail.php?site_id=1&actionID=page&serie_id=EtCret&volume_number=21&issue_number=1&sp=198,,[],UNRESOLVED_EDITION_CONTENT_NOT_ACQUIRED,UNRESOLVED_EDITION_CONTENT_NOT_ACQUIRED,UNRESOLVED_NOT_RECONCILED,,,,false
HT 99b,/documents/204,ATTRIBUTED_EXACT_SOURCE_RECORD,SOURCE_REPORTED_PAGE_LOCATOR,1,198,https://cefael.efa.gr/detail.php?site_id=1&actionID=page&serie_id=EtCret&volume_number=21&issue_number=1&sp=198,,[],UNRESOLVED_EDITION_CONTENT_NOT_ACQUIRED,UNRESOLVED_EDITION_CONTENT_NOT_ACQUIRED,UNRESOLVED_NOT_RECONCILED,,,,false
HT 9a,/documents/205,ATTRIBUTED_EXACT_SOURCE_RECORD,SOURCE_REPORTED_PAGE_LOCATOR,1,54,https://cefael.efa.gr/detail.php?site_id=1&actionID=page&serie_id=EtCret&volume_number=21&issue_number=1&sp=54,,[],UNRESOLVED_EDITION_CONTENT_NOT_ACQUIRED,UNRESOLVED_EDITION_CONTENT_NOT_ACQUIRED,UNRESOLVED_NOT_RECONCILED,,,,false
HT 9b,/documents/206,ATTRIBUTED_EXACT_SOURCE_RECORD,SOURCE_REPORTED_PAGE_LOCATOR,1,54,https://cefael.efa.gr/detail.php?site_id=1&actionID=page&serie_id=EtCret&volume_number=21&issue_number=1&sp=54,,[],UNRESOLVED_EDITION_CONTENT_NOT_ACQUIRED,UNRESOLVED_EDITION_CONTENT_NOT_ACQUIRED,UNRESOLVED_NOT_RECONCILED,,,,false
HT Wa 1001,/documents/207,ATTRIBUTED_EXACT_SOURCE_RECORD,SOURCE_REPORTED_PAGE_LOCATOR,2,66,https://cefael.efa.gr/detail.php?site_id=1&actionID=page&serie_id=EtCret&volume_number=21&issue_number=2&sp=66,,[],UNRESOLVED_EDITION_CONTENT_NOT_ACQUIRED,UNRESOLVED_EDITION_CONTENT_NOT_ACQUIRED,UNRESOLVED_NOT_RECONCILED,,,,false
HT Wa 1002,/documents/208,ATTRIBUTED_EXACT_SOURCE_RECORD,SOURCE_REPORTED_PAGE_LOCATOR,2,66,https://cefael.efa.gr/detail.php?site_id=1&actionID=page&serie_id=EtCret&volume_number=21&issue_number=2&sp=66,,[],UNRESOLVED_EDITION_CONTENT_NOT_ACQUIRED,UNRESOLVED_EDITION_CONTENT_NOT_ACQUIRED,UNRESOLVED_NOT_RECONCILED,,,,false
HT Wa 1003,/documents/209,ATTRIBUTED_EXACT_SOURCE_RECORD,SOURCE_REPORTED_PAGE_LOCATOR,2,66,https://cefael.efa.gr/detail.php?site_id=1&actionID=page&serie_id=EtCret&volume_number=21&issue_number=2&sp=66,,[],UNRESOLVED_EDITION_CONTENT_NOT_ACQUIRED,UNRESOLVED_EDITION_CONTENT_NOT_ACQUIRED,UNRESOLVED_NOT_RECONCILED,,,,false
HT Wa 1004,/documents/210,ATTRIBUTED_EXACT_SOURCE_RECORD,SOURCE_REPORTED_PAGE_LOCATOR,2,66,https://cefael.efa.gr/detail.php?site_id=1&actionID=page&serie_id=EtCret&volume_number=21&issue_number=2&sp=66,,[],UNRESOLVED_EDITION_CONTENT_NOT_ACQUIRED,UNRESOLVED_EDITION_CONTENT_NOT_ACQUIRED,UNRESOLVED_NOT_RECONCILED,,,,false
HT Wa 1005,/documents/211,ATTRIBUTED_EXACT_SOURCE_RECORD,SOURCE_REPORTED_PAGE_LOCATOR,2,66,https://cefael.efa.gr/detail.php?site_id=1&actionID=page&serie_id=EtCret&volume_number=21&issue_number=2&sp=66,,[],UNRESOLVED_EDITION_CONTENT_NOT_ACQUIRED,UNRESOLVED_EDITION_CONTENT_NOT_ACQUIRED,UNRESOLVED_NOT_RECONCILED,,,,false
HT Wa 1006,/documents/212,ATTRIBUTED_EXACT_SOURCE_RECORD,SOURCE_REPORTED_PAGE_LOCATOR,2,67,https://cefael.efa.gr/detail.php?site_id=1&actionID=page&serie_id=EtCret&volume_number=21&issue_number=2&sp=67,,[],UNRESOLVED_EDITION_CONTENT_NOT_ACQUIRED,UNRESOLVED_EDITION_CONTENT_NOT_ACQUIRED,UNRESOLVED_NOT_RECONCILED,,,,false
HT Wa 1007,/documents/213,ATTRIBUTED_EXACT_SOURCE_RECORD,SOURCE_REPORTED_PAGE_LOCATOR,2,67,https://cefael.efa.gr/detail.php?site_id=1&actionID=page&serie_id=EtCret&volume_number=21&issue_number=2&sp=67,,[],UNRESOLVED_EDITION_CONTENT_NOT_ACQUIRED,UNRESOLVED_EDITION_CONTENT_NOT_ACQUIRED,UNRESOLVED_NOT_RECONCILED,,,,false
HT Wa 1008,/documents/214,ATTRIBUTED_EXACT_SOURCE_RECORD,SOURCE_REPORTED_PAGE_LOCATOR,2,67,https://cefael.efa.gr/detail.php?site_id=1&actionID=page&serie_id=EtCret&volume_number=21&issue_number=2&sp=67,,[],UNRESOLVED_EDITION_CONTENT_NOT_ACQUIRED,UNRESOLVED_EDITION_CONTENT_NOT_ACQUIRED,UNRESOLVED_NOT_RECONCILED,,,,false
HT Wa 1009,/documents/215,ATTRIBUTED_EXACT_SOURCE_RECORD,SOURCE_REPORTED_PAGE_LOCATOR,2,67,https://cefael.efa.gr/detail.php?site_id=1&actionID=page&serie_id=EtCret&volume_number=21&issue_number=2&sp=67,,[],UNRESOLVED_EDITION_CONTENT_NOT_ACQUIRED,UNRESOLVED_EDITION_CONTENT_NOT_ACQUIRED,UNRESOLVED_NOT_RECONCILED,,,,false
HT Wa 1010,/documents/216,ATTRIBUTED_EXACT_SOURCE_RECORD,SOURCE_REPORTED_PAGE_LOCATOR,2,67,https://cefael.efa.gr/detail.php?site_id=1&actionID=page&serie_id=EtCret&volume_number=21&issue_number=2&sp=67,,[],UNRESOLVED_EDITION_CONTENT_NOT_ACQUIRED,UNRESOLVED_EDITION_CONTENT_NOT_ACQUIRED,UNRESOLVED_NOT_RECONCILED,,,,false
HT Wa 1011,/documents/217,ATTRIBUTED_EXACT_SOURCE_RECORD,SOURCE_REPORTED_PAGE_LOCATOR,2,67,https://cefael.efa.gr/detail.php?site_id=1&actionID=page&serie_id=EtCret&volume_number=21&issue_number=2&sp=67,,[],UNRESOLVED_EDITION_CONTENT_NOT_ACQUIRED,UNRESOLVED_EDITION_CONTENT_NOT_ACQUIRED,UNRESOLVED_NOT_RECONCILED,,,,false
HT Wa 1012,/documents/218,ATTRIBUTED_EXACT_SOURCE_RECORD,SOURCE_REPORTED_PAGE_LOCATOR,2,67,https://cefael.efa.gr/detail.php?site_id=1&actionID=page&serie_id=EtCret&volume_number=21&issue_number=2&sp=67,,[],UNRESOLVED_EDITION_CONTENT_NOT_ACQUIRED,UNRESOLVED_EDITION_CONTENT_NOT_ACQUIRED,UNRESOLVED_NOT_RECONCILED,,,,false
HT Wa 1013,/documents/219,ATTRIBUTED_EXACT_SOURCE_RECORD,SOURCE_REPORTED_PAGE_LOCATOR,2,67,https://cefael.efa.gr/detail.php?site_id=1&actionID=page&serie_id=EtCret&volume_number=21&issue_number=2&sp=67,,[],UNRESOLVED_EDITION_CONTENT_NOT_ACQUIRED,UNRESOLVED_EDITION_CONTENT_NOT_ACQUIRED,UNRESOLVED_NOT_RECONCILED,,,,false
HT Wa 1014,/documents/220,ATTRIBUTED_EXACT_SOURCE_RECORD,SOURCE_REPORTED_PAGE_LOCATOR,2,68,https://cefael.efa.gr/detail.php?site_id=1&actionID=page&serie_id=EtCret&volume_number=21&issue_number=2&sp=68,,[],UNRESOLVED_EDITION_CONTENT_NOT_ACQUIRED,UNRESOLVED_EDITION_CONTENT_NOT_ACQUIRED,UNRESOLVED_NOT_RECONCILED,,,,false
HT Wa 1015,/documents/221,ATTRIBUTED_EXACT_SOURCE_RECORD,SOURCE_REPORTED_PAGE_LOCATOR,2,68,https://cefael.efa.gr/detail.php?site_id=1&actionID=page&serie_id=EtCret&volume_number=21&issue_number=2&sp=68,,[],UNRESOLVED_EDITION_CONTENT_NOT_ACQUIRED,UNRESOLVED_EDITION_CONTENT_NOT_ACQUIRED,UNRESOLVED_NOT_RECONCILED,,,,false
HT Wa 1016,/documents/222,ATTRIBUTED_EXACT_SOURCE_RECORD,SOURCE_REPORTED_PAGE_LOCATOR,2,68,https://cefael.efa.gr/detail.php?site_id=1&actionID=page&serie_id=EtCret&volume_number=21&issue_number=2&sp=68,,[],UNRESOLVED_EDITION_CONTENT_NOT_ACQUIRED,UNRESOLVED_EDITION_CONTENT_NOT_ACQUIRED,UNRESOLVED_NOT_RECONCILED,,,,false
HT Wa 1017,/documents/223,ATTRIBUTED_EXACT_SOURCE_RECORD,SOURCE_REPORTED_PAGE_LOCATOR,2,68,https://cefael.efa.gr/detail.php?site_id=1&actionID=page&serie_id=EtCret&volume_number=21&issue_number=2&sp=68,,[],UNRESOLVED_EDITION_CONTENT_NOT_ACQUIRED,UNRESOLVED_EDITION_CONTENT_NOT_ACQUIRED,UNRESOLVED_NOT_RECONCILED,,,,false
HT Wa 1018,/documents/224,ATTRIBUTED_EXACT_SOURCE_RECORD,SOURCE_REPORTED_PAGE_LOCATOR,2,68,https://cefael.efa.gr/detail.php?site_id=1&actionID=page&serie_id=EtCret&volume_number=21&issue_number=2&sp=68,,[],UNRESOLVED_EDITION_CONTENT_NOT_ACQUIRED,UNRESOLVED_EDITION_CONTENT_NOT_ACQUIRED,UNRESOLVED_NOT_RECONCILED,,,,false
HT Wa 1019α,/documents/225,ATTRIBUTED_EXACT_SOURCE_RECORD,SOURCE_REPORTED_PAGE_LOCATOR,2,69,https://cefael.efa.gr/detail.php?site_id=1&actionID=page&serie_id=EtCret&volume_number=21&issue_number=2&sp=69,,[],UNRESOLVED_EDITION_CONTENT_NOT_ACQUIRED,UNRESOLVED_EDITION_CONTENT_NOT_ACQUIRED,UNRESOLVED_NOT_RECONCILED,,,,false
HT Wa 1019γ,/documents/226,ATTRIBUTED_EXACT_SOURCE_RECORD,SOURCE_REPORTED_PAGE_LOCATOR,2,69,https://cefael.efa.gr/detail.php?site_id=1&actionID=page&serie_id=EtCret&volume_number=21&issue_number=2&sp=69,,[],UNRESOLVED_EDITION_CONTENT_NOT_ACQUIRED,UNRESOLVED_EDITION_CONTENT_NOT_ACQUIRED,UNRESOLVED_NOT_RECONCILED,,,,false
HT Wa 1020α,/documents/227,ATTRIBUTED_EXACT_SOURCE_RECORD,SOURCE_REPORTED_PAGE_LOCATOR,2,69,https://cefael.efa.gr/detail.php?site_id=1&actionID=page&serie_id=EtCret&volume_number=21&issue_number=2&sp=69,,[],UNRESOLVED_EDITION_CONTENT_NOT_ACQUIRED,UNRESOLVED_EDITION_CONTENT_NOT_ACQUIRED,UNRESOLVED_NOT_RECONCILED,,,,false
HT Wa 1020β,/documents/228,ATTRIBUTED_EXACT_SOURCE_RECORD,SOURCE_REPORTED_PAGE_LOCATOR,2,69,https://cefael.efa.gr/detail.php?site_id=1&actionID=page&serie_id=EtCret&volume_number=21&issue_number=2&sp=69,,[],UNRESOLVED_EDITION_CONTENT_NOT_ACQUIRED,UNRESOLVED_EDITION_CONTENT_NOT_ACQUIRED,UNRESOLVED_NOT_RECONCILED,,,,false
HT Wa 1020γ,/documents/229,ATTRIBUTED_EXACT_SOURCE_RECORD,SOURCE_REPORTED_PAGE_LOCATOR,2,69,https://cefael.efa.gr/detail.php?site_id=1&actionID=page&serie_id=EtCret&volume_number=21&issue_number=2&sp=69,,[],UNRESOLVED_EDITION_CONTENT_NOT_ACQUIRED,UNRESOLVED_EDITION_CONTENT_NOT_ACQUIRED,UNRESOLVED_NOT_RECONCILED,,,,false
HT Wa 1021α,/documents/230,ATTRIBUTED_EXACT_SOURCE_RECORD,SOURCE_REPORTED_PAGE_LOCATOR,2,69,https://cefael.efa.gr/detail.php?site_id=1&actionID=page&serie_id=EtCret&volume_number=21&issue_number=2&sp=69,,[],UNRESOLVED_EDITION_CONTENT_NOT_ACQUIRED,UNRESOLVED_EDITION_CONTENT_NOT_ACQUIRED,UNRESOLVED_NOT_RECONCILED,,,,false
HT Wa 1021β,/documents/231,ATTRIBUTED_EXACT_SOURCE_RECORD,SOURCE_REPORTED_PAGE_LOCATOR,2,69,https://cefael.efa.gr/detail.php?site_id=1&actionID=page&serie_id=EtCret&volume_number=21&issue_number=2&sp=69,,[],UNRESOLVED_EDITION_CONTENT_NOT_ACQUIRED,UNRESOLVED_EDITION_CONTENT_NOT_ACQUIRED,UNRESOLVED_NOT_RECONCILED,,,,false
HT Wa 1021γ,/documents/232,ATTRIBUTED_EXACT_SOURCE_RECORD,SOURCE_REPORTED_PAGE_LOCATOR,2,69,https://cefael.efa.gr/detail.php?site_id=1&actionID=page&serie_id=EtCret&volume_number=21&issue_number=2&sp=69,,[],UNRESOLVED_EDITION_CONTENT_NOT_ACQUIRED,UNRESOLVED_EDITION_CONTENT_NOT_ACQUIRED,UNRESOLVED_NOT_RECONCILED,,,,false
HT Wa 1022,/documents/233,ATTRIBUTED_EXACT_SOURCE_RECORD,SOURCE_REPORTED_PAGE_LOCATOR,2,70,https://cefael.efa.gr/detail.php?site_id=1&actionID=page&serie_id=EtCret&volume_number=21&issue_number=2&sp=70,,[],UNRESOLVED_EDITION_CONTENT_NOT_ACQUIRED,UNRESOLVED_EDITION_CONTENT_NOT_ACQUIRED,UNRESOLVED_NOT_RECONCILED,,,,false
HT Wa 1024,/documents/234,ATTRIBUTED_EXACT_SOURCE_RECORD,SOURCE_REPORTED_PAGE_LOCATOR,2,70,https://cefael.efa.gr/detail.php?site_id=1&actionID=page&serie_id=EtCret&volume_number=21&issue_number=2&sp=70,,[],UNRESOLVED_EDITION_CONTENT_NOT_ACQUIRED,UNRESOLVED_EDITION_CONTENT_NOT_ACQUIRED,UNRESOLVED_NOT_RECONCILED,,,,false
HT Wa 1025α,/documents/235,ATTRIBUTED_EXACT_SOURCE_RECORD,SOURCE_REPORTED_PAGE_LOCATOR,2,71,https://cefael.efa.gr/detail.php?site_id=1&actionID=page&serie_id=EtCret&volume_number=21&issue_number=2&sp=71,,[],UNRESOLVED_EDITION_CONTENT_NOT_ACQUIRED,UNRESOLVED_EDITION_CONTENT_NOT_ACQUIRED,UNRESOLVED_NOT_RECONCILED,,,,false
HT Wa 1025γ,/documents/236,ATTRIBUTED_EXACT_SOURCE_RECORD,SOURCE_REPORTED_PAGE_LOCATOR,2,71,https://cefael.efa.gr/detail.php?site_id=1&actionID=page&serie_id=EtCret&volume_number=21&issue_number=2&sp=71,,[],UNRESOLVED_EDITION_CONTENT_NOT_ACQUIRED,UNRESOLVED_EDITION_CONTENT_NOT_ACQUIRED,UNRESOLVED_NOT_RECONCILED,,,,false
HT Wa 1028α,/documents/237,ATTRIBUTED_EXACT_SOURCE_RECORD,SOURCE_REPORTED_PAGE_LOCATOR,2,71,https://cefael.efa.gr/detail.php?site_id=1&actionID=page&serie_id=EtCret&volume_number=21&issue_number=2&sp=71,,[],UNRESOLVED_EDITION_CONTENT_NOT_ACQUIRED,UNRESOLVED_EDITION_CONTENT_NOT_ACQUIRED,UNRESOLVED_NOT_RECONCILED,,,,false
HT Wa 1028γ,/documents/238,ATTRIBUTED_EXACT_SOURCE_RECORD,SOURCE_REPORTED_PAGE_LOCATOR,2,71,https://cefael.efa.gr/detail.php?site_id=1&actionID=page&serie_id=EtCret&volume_number=21&issue_number=2&sp=71,,[],UNRESOLVED_EDITION_CONTENT_NOT_ACQUIRED,UNRESOLVED_EDITION_CONTENT_NOT_ACQUIRED,UNRESOLVED_NOT_RECONCILED,,,,false
HT Wa 1029α,/documents/239,ATTRIBUTED_EXACT_SOURCE_RECORD,SOURCE_REPORTED_PAGE_LOCATOR,2,71,https://cefael.efa.gr/detail.php?site_id=1&actionID=page&serie_id=EtCret&volume_number=21&issue_number=2&sp=71,,[],UNRESOLVED_EDITION_CONTENT_NOT_ACQUIRED,UNRESOLVED_EDITION_CONTENT_NOT_ACQUIRED,UNRESOLVED_NOT_RECONCILED,,,,false
HT Wa 1029γ,/documents/240,ATTRIBUTED_EXACT_SOURCE_RECORD,SOURCE_REPORTED_PAGE_LOCATOR,2,71,https://cefael.efa.gr/detail.php?site_id=1&actionID=page&serie_id=EtCret&volume_number=21&issue_number=2&sp=71,,[],UNRESOLVED_EDITION_CONTENT_NOT_ACQUIRED,UNRESOLVED_EDITION_CONTENT_NOT_ACQUIRED,UNRESOLVED_NOT_RECONCILED,,,,false
HT Wa 1031,/documents/241,ATTRIBUTED_EXACT_SOURCE_RECORD,SOURCE_REPORTED_PAGE_LOCATOR,2,72,https://cefael.efa.gr/detail.php?site_id=1&actionID=page&serie_id=EtCret&volume_number=21&issue_number=2&sp=72,,[],UNRESOLVED_EDITION_CONTENT_NOT_ACQUIRED,UNRESOLVED_EDITION_CONTENT_NOT_ACQUIRED,UNRESOLVED_NOT_RECONCILED,,,,false
HT Wa 1032,/documents/242,ATTRIBUTED_EXACT_SOURCE_RECORD,SOURCE_REPORTED_PAGE_LOCATOR,2,72,https://cefael.efa.gr/detail.php?site_id=1&actionID=page&serie_id=EtCret&volume_number=21&issue_number=2&sp=72,,[],UNRESOLVED_EDITION_CONTENT_NOT_ACQUIRED,UNRESOLVED_EDITION_CONTENT_NOT_ACQUIRED,UNRESOLVED_NOT_RECONCILED,,,,false
HT Wa 1128,/documents/243,ATTRIBUTED_EXACT_SOURCE_RECORD,SOURCE_REPORTED_PAGE_LOCATOR,2,78,https://cefael.efa.gr/detail.php?site_id=1&actionID=page&serie_id=EtCret&volume_number=21&issue_number=2&sp=78,,[],UNRESOLVED_EDITION_CONTENT_NOT_ACQUIRED,UNRESOLVED_EDITION_CONTENT_NOT_ACQUIRED,UNRESOLVED_NOT_RECONCILED,,,,false
HT Wa 1147,/documents/244,ATTRIBUTED_EXACT_SOURCE_RECORD,UNRESOLVED_NO_USABLE_REFERENCE,,,,,[],UNRESOLVED_EDITION_CONTENT_NOT_ACQUIRED,UNRESOLVED_EDITION_CONTENT_NOT_ACQUIRED,UNRESOLVED_NOT_RECONCILED,,,LITERAL_MISSING,false
HT Wa 1148,/documents/245,ATTRIBUTED_EXACT_SOURCE_RECORD,UNRESOLVED_NO_USABLE_REFERENCE,,,,,[],UNRESOLVED_EDITION_CONTENT_NOT_ACQUIRED,UNRESOLVED_EDITION_CONTENT_NOT_ACQUIRED,UNRESOLVED_NOT_RECONCILED,,,LITERAL_MISSING,false
HT Wa 1150,/documents/246,ATTRIBUTED_EXACT_SOURCE_RECORD,UNRESOLVED_NO_USABLE_REFERENCE,,,,,[],UNRESOLVED_EDITION_CONTENT_NOT_ACQUIRED,UNRESOLVED_EDITION_CONTENT_NOT_ACQUIRED,UNRESOLVED_NOT_RECONCILED,,,LITERAL_MISSING,false
HT Wa 1170,/documents/247,ATTRIBUTED_EXACT_SOURCE_RECORD,UNRESOLVED_NO_USABLE_REFERENCE,,,,,[],UNRESOLVED_EDITION_CONTENT_NOT_ACQUIRED,UNRESOLVED_EDITION_CONTENT_NOT_ACQUIRED,UNRESOLVED_NOT_RECONCILED,,,LITERAL_MISSING,false
HT Wa 1172,/documents/248,ATTRIBUTED_EXACT_SOURCE_RECORD,SOURCE_REPORTED_PAGE_LOCATOR,2,80,https://cefael.efa.gr/detail.php?site_id=1&actionID=page&serie_id=EtCret&volume_number=21&issue_number=2&sp=80,,[],UNRESOLVED_EDITION_CONTENT_NOT_ACQUIRED,UNRESOLVED_EDITION_CONTENT_NOT_ACQUIRED,UNRESOLVED_NOT_RECONCILED,,,,false
HT Wa 1176,/documents/249,ATTRIBUTED_EXACT_SOURCE_RECORD,SOURCE_REPORTED_PAGE_LOCATOR,2,80,https://cefael.efa.gr/detail.php?site_id=1&actionID=page&serie_id=EtCret&volume_number=21&issue_number=2&sp=80,,[],UNRESOLVED_EDITION_CONTENT_NOT_ACQUIRED,UNRESOLVED_EDITION_CONTENT_NOT_ACQUIRED,UNRESOLVED_NOT_RECONCILED,,,,false
HT Wa 1199,/documents/250,ATTRIBUTED_EXACT_SOURCE_RECORD,SOURCE_REPORTED_PAGE_LOCATOR,2,82,https://cefael.efa.gr/detail.php?site_id=1&actionID=page&serie_id=EtCret&volume_number=21&issue_number=2&sp=82,,[],UNRESOLVED_EDITION_CONTENT_NOT_ACQUIRED,UNRESOLVED_EDITION_CONTENT_NOT_ACQUIRED,UNRESOLVED_NOT_RECONCILED,,,,false
HT Wa 1205,/documents/251,ATTRIBUTED_EXACT_SOURCE_RECORD,SOURCE_REPORTED_PAGE_LOCATOR,2,82,https://cefael.efa.gr/detail.php?site_id=1&actionID=page&serie_id=EtCret&volume_number=21&issue_number=2&sp=82,,[],UNRESOLVED_EDITION_CONTENT_NOT_ACQUIRED,UNRESOLVED_EDITION_CONTENT_NOT_ACQUIRED,UNRESOLVED_NOT_RECONCILED,,,,false
HT Wa 1206,/documents/252,ATTRIBUTED_EXACT_SOURCE_RECORD,SOURCE_REPORTED_PAGE_LOCATOR,2,82,https://cefael.efa.gr/detail.php?site_id=1&actionID=page&serie_id=EtCret&volume_number=21&issue_number=2&sp=82,,[],UNRESOLVED_EDITION_CONTENT_NOT_ACQUIRED,UNRESOLVED_EDITION_CONTENT_NOT_ACQUIRED,UNRESOLVED_NOT_RECONCILED,,,,false
HT Wa 1236,/documents/253,ATTRIBUTED_EXACT_SOURCE_RECORD,SOURCE_REPORTED_PAGE_LOCATOR,2,84,https://cefael.efa.gr/detail.php?site_id=1&actionID=page&serie_id=EtCret&volume_number=21&issue_number=2&sp=84,,[],UNRESOLVED_EDITION_CONTENT_NOT_ACQUIRED,UNRESOLVED_EDITION_CONTENT_NOT_ACQUIRED,UNRESOLVED_NOT_RECONCILED,,,,false
HT Wa 1242,/documents/254,ATTRIBUTED_EXACT_SOURCE_RECORD,SOURCE_REPORTED_PAGE_LOCATOR,2,85,https://cefael.efa.gr/detail.php?site_id=1&actionID=page&serie_id=EtCret&volume_number=21&issue_number=2&sp=85,,[],UNRESOLVED_EDITION_CONTENT_NOT_ACQUIRED,UNRESOLVED_EDITION_CONTENT_NOT_ACQUIRED,UNRESOLVED_NOT_RECONCILED,,,,false
HT Wa 1244,/documents/255,ATTRIBUTED_EXACT_SOURCE_RECORD,SOURCE_REPORTED_PAGE_LOCATOR,2,85,https://cefael.efa.gr/detail.php?site_id=1&actionID=page&serie_id=EtCret&volume_number=21&issue_number=2&sp=85,,[],UNRESOLVED_EDITION_CONTENT_NOT_ACQUIRED,UNRESOLVED_EDITION_CONTENT_NOT_ACQUIRED,UNRESOLVED_NOT_RECONCILED,,,,false
HT Wa 1252,/documents/256,ATTRIBUTED_EXACT_SOURCE_RECORD,SOURCE_REPORTED_PAGE_LOCATOR,2,85,https://cefael.efa.gr/detail.php?site_id=1&actionID=page&serie_id=EtCret&volume_number=21&issue_number=2&sp=85,,[],UNRESOLVED_EDITION_CONTENT_NOT_ACQUIRED,UNRESOLVED_EDITION_CONTENT_NOT_ACQUIRED,UNRESOLVED_NOT_RECONCILED,,,,false
HT Wa 1255,/documents/257,ATTRIBUTED_EXACT_SOURCE_RECORD,SOURCE_REPORTED_PAGE_LOCATOR,2,85,https://cefael.efa.gr/detail.php?site_id=1&actionID=page&serie_id=EtCret&volume_number=21&issue_number=2&sp=85,,[],UNRESOLVED_EDITION_CONTENT_NOT_ACQUIRED,UNRESOLVED_EDITION_CONTENT_NOT_ACQUIRED,UNRESOLVED_NOT_RECONCILED,,,,false
HT Wa 1256,/documents/258,ATTRIBUTED_EXACT_SOURCE_RECORD,SOURCE_REPORTED_PAGE_LOCATOR,2,86,https://cefael.efa.gr/detail.php?site_id=1&actionID=page&serie_id=EtCret&volume_number=21&issue_number=2&sp=86,,[],UNRESOLVED_EDITION_CONTENT_NOT_ACQUIRED,UNRESOLVED_EDITION_CONTENT_NOT_ACQUIRED,UNRESOLVED_NOT_RECONCILED,,,,false
HT Wa 1268,/documents/259,ATTRIBUTED_EXACT_SOURCE_RECORD,SOURCE_REPORTED_PAGE_LOCATOR,2,87,https://cefael.efa.gr/detail.php?site_id=1&actionID=page&serie_id=EtCret&volume_number=21&issue_number=2&sp=87,,[],UNRESOLVED_EDITION_CONTENT_NOT_ACQUIRED,UNRESOLVED_EDITION_CONTENT_NOT_ACQUIRED,UNRESOLVED_NOT_RECONCILED,,,,false
HT Wa 1278,/documents/260,ATTRIBUTED_EXACT_SOURCE_RECORD,SOURCE_REPORTED_PAGE_LOCATOR,2,87,https://cefael.efa.gr/detail.php?site_id=1&actionID=page&serie_id=EtCret&volume_number=21&issue_number=2&sp=87,,[],UNRESOLVED_EDITION_CONTENT_NOT_ACQUIRED,UNRESOLVED_EDITION_CONTENT_NOT_ACQUIRED,UNRESOLVED_NOT_RECONCILED,,,,false
HT Wa 1279,/documents/261,ATTRIBUTED_EXACT_SOURCE_RECORD,SOURCE_REPORTED_PAGE_LOCATOR,2,88,https://cefael.efa.gr/detail.php?site_id=1&actionID=page&serie_id=EtCret&volume_number=21&issue_number=2&sp=88,,[],UNRESOLVED_EDITION_CONTENT_NOT_ACQUIRED,UNRESOLVED_EDITION_CONTENT_NOT_ACQUIRED,UNRESOLVED_NOT_RECONCILED,,,,false
HT Wa 1280,/documents/262,ATTRIBUTED_EXACT_SOURCE_RECORD,SOURCE_REPORTED_PAGE_LOCATOR,2,88,https://cefael.efa.gr/detail.php?site_id=1&actionID=page&serie_id=EtCret&volume_number=21&issue_number=2&sp=88,,[],UNRESOLVED_EDITION_CONTENT_NOT_ACQUIRED,UNRESOLVED_EDITION_CONTENT_NOT_ACQUIRED,UNRESOLVED_NOT_RECONCILED,,,,false
HT Wa 1281,/documents/263,ATTRIBUTED_EXACT_SOURCE_RECORD,SOURCE_REPORTED_PAGE_LOCATOR,2,88,https://cefael.efa.gr/detail.php?site_id=1&actionID=page&serie_id=EtCret&volume_number=21&issue_number=2&sp=88,,[],UNRESOLVED_EDITION_CONTENT_NOT_ACQUIRED,UNRESOLVED_EDITION_CONTENT_NOT_ACQUIRED,UNRESOLVED_NOT_RECONCILED,,,,false
HT Wa 1282,/documents/264,ATTRIBUTED_EXACT_SOURCE_RECORD,SOURCE_REPORTED_PAGE_LOCATOR,2,88,https://cefael.efa.gr/detail.php?site_id=1&actionID=page&serie_id=EtCret&volume_number=21&issue_number=2&sp=88,,[],UNRESOLVED_EDITION_CONTENT_NOT_ACQUIRED,UNRESOLVED_EDITION_CONTENT_NOT_ACQUIRED,UNRESOLVED_NOT_RECONCILED,,,,false
HT Wa 1283,/documents/265,ATTRIBUTED_EXACT_SOURCE_RECORD,SOURCE_REPORTED_PAGE_LOCATOR,2,88,https://cefael.efa.gr/detail.php?site_id=1&actionID=page&serie_id=EtCret&volume_number=21&issue_number=2&sp=88,,[],UNRESOLVED_EDITION_CONTENT_NOT_ACQUIRED,UNRESOLVED_EDITION_CONTENT_NOT_ACQUIRED,UNRESOLVED_NOT_RECONCILED,,,,false
HT Wa 1287,/documents/266,ATTRIBUTED_EXACT_SOURCE_RECORD,SOURCE_REPORTED_PAGE_LOCATOR,2,88,https://cefael.efa.gr/detail.php?site_id=1&actionID=page&serie_id=EtCret&volume_number=21&issue_number=2&sp=88,,[],UNRESOLVED_EDITION_CONTENT_NOT_ACQUIRED,UNRESOLVED_EDITION_CONTENT_NOT_ACQUIRED,UNRESOLVED_NOT_RECONCILED,,,,false
HT Wa 1292,/documents/267,ATTRIBUTED_EXACT_SOURCE_RECORD,SOURCE_REPORTED_PAGE_LOCATOR,2,88,https://cefael.efa.gr/detail.php?site_id=1&actionID=page&serie_id=EtCret&volume_number=21&issue_number=2&sp=88,,[],UNRESOLVED_EDITION_CONTENT_NOT_ACQUIRED,UNRESOLVED_EDITION_CONTENT_NOT_ACQUIRED,UNRESOLVED_NOT_RECONCILED,,,,false
HT Wa 1293,/documents/268,ATTRIBUTED_EXACT_SOURCE_RECORD,SOURCE_REPORTED_PAGE_LOCATOR,2,88,https://cefael.efa.gr/detail.php?site_id=1&actionID=page&serie_id=EtCret&volume_number=21&issue_number=2&sp=88,,[],UNRESOLVED_EDITION_CONTENT_NOT_ACQUIRED,UNRESOLVED_EDITION_CONTENT_NOT_ACQUIRED,UNRESOLVED_NOT_RECONCILED,,,,false
HT Wa 1294,/documents/269,ATTRIBUTED_EXACT_SOURCE_RECORD,SOURCE_REPORTED_PAGE_LOCATOR,2,89,https://cefael.efa.gr/detail.php?site_id=1&actionID=page&serie_id=EtCret&volume_number=21&issue_number=2&sp=89,,[],UNRESOLVED_EDITION_CONTENT_NOT_ACQUIRED,UNRESOLVED_EDITION_CONTENT_NOT_ACQUIRED,UNRESOLVED_NOT_RECONCILED,,,,false
HT Wa 1295,/documents/270,ATTRIBUTED_EXACT_SOURCE_RECORD,SOURCE_REPORTED_PAGE_LOCATOR,2,89,https://cefael.efa.gr/detail.php?site_id=1&actionID=page&serie_id=EtCret&volume_number=21&issue_number=2&sp=89,,[],UNRESOLVED_EDITION_CONTENT_NOT_ACQUIRED,UNRESOLVED_EDITION_CONTENT_NOT_ACQUIRED,UNRESOLVED_NOT_RECONCILED,,,,false
HT Wa 1298,/documents/271,ATTRIBUTED_EXACT_SOURCE_RECORD,SOURCE_REPORTED_PAGE_LOCATOR,2,89,https://cefael.efa.gr/detail.php?site_id=1&actionID=page&serie_id=EtCret&volume_number=21&issue_number=2&sp=89,,[],UNRESOLVED_EDITION_CONTENT_NOT_ACQUIRED,UNRESOLVED_EDITION_CONTENT_NOT_ACQUIRED,UNRESOLVED_NOT_RECONCILED,,,,false
HT Wa 1303,/documents/272,ATTRIBUTED_EXACT_SOURCE_RECORD,SOURCE_REPORTED_PAGE_LOCATOR,2,89,https://cefael.efa.gr/detail.php?site_id=1&actionID=page&serie_id=EtCret&volume_number=21&issue_number=2&sp=89,,[],UNRESOLVED_EDITION_CONTENT_NOT_ACQUIRED,UNRESOLVED_EDITION_CONTENT_NOT_ACQUIRED,UNRESOLVED_NOT_RECONCILED,,,,false
HT Wa 1305,/documents/273,ATTRIBUTED_EXACT_SOURCE_RECORD,SOURCE_REPORTED_PAGE_LOCATOR,2,89,https://cefael.efa.gr/detail.php?site_id=1&actionID=page&serie_id=EtCret&volume_number=21&issue_number=2&sp=89,,[],UNRESOLVED_EDITION_CONTENT_NOT_ACQUIRED,UNRESOLVED_EDITION_CONTENT_NOT_ACQUIRED,UNRESOLVED_NOT_RECONCILED,,,,false
HT Wa 1307,/documents/274,ATTRIBUTED_EXACT_SOURCE_RECORD,SOURCE_REPORTED_PAGE_LOCATOR,2,89,https://cefael.efa.gr/detail.php?site_id=1&actionID=page&serie_id=EtCret&volume_number=21&issue_number=2&sp=89,,[],UNRESOLVED_EDITION_CONTENT_NOT_ACQUIRED,UNRESOLVED_EDITION_CONTENT_NOT_ACQUIRED,UNRESOLVED_NOT_RECONCILED,,,,false
HT Wa 1308,/documents/275,ATTRIBUTED_EXACT_SOURCE_RECORD,SOURCE_REPORTED_PAGE_LOCATOR,2,89,https://cefael.efa.gr/detail.php?site_id=1&actionID=page&serie_id=EtCret&volume_number=21&issue_number=2&sp=89,,[],UNRESOLVED_EDITION_CONTENT_NOT_ACQUIRED,UNRESOLVED_EDITION_CONTENT_NOT_ACQUIRED,UNRESOLVED_NOT_RECONCILED,,,,false
HT Wa 1317,/documents/276,ATTRIBUTED_EXACT_SOURCE_RECORD,SOURCE_REPORTED_PAGE_LOCATOR,2,90,https://cefael.efa.gr/detail.php?site_id=1&actionID=page&serie_id=EtCret&volume_number=21&issue_number=2&sp=90,,[],UNRESOLVED_EDITION_CONTENT_NOT_ACQUIRED,UNRESOLVED_EDITION_CONTENT_NOT_ACQUIRED,UNRESOLVED_NOT_RECONCILED,,,,false
HT Wa 1319,/documents/277,ATTRIBUTED_EXACT_SOURCE_RECORD,SOURCE_REPORTED_PAGE_LOCATOR,2,90,https://cefael.efa.gr/detail.php?site_id=1&actionID=page&serie_id=EtCret&volume_number=21&issue_number=2&sp=90,,[],UNRESOLVED_EDITION_CONTENT_NOT_ACQUIRED,UNRESOLVED_EDITION_CONTENT_NOT_ACQUIRED,UNRESOLVED_NOT_RECONCILED,,,,false
HT Wa 1323,/documents/278,ATTRIBUTED_EXACT_SOURCE_RECORD,SOURCE_REPORTED_PAGE_LOCATOR,2,91,https://cefael.efa.gr/detail.php?site_id=1&actionID=page&serie_id=EtCret&volume_number=21&issue_number=2&sp=91,,[],UNRESOLVED_EDITION_CONTENT_NOT_ACQUIRED,UNRESOLVED_EDITION_CONTENT_NOT_ACQUIRED,UNRESOLVED_NOT_RECONCILED,,,,false
HT Wa 1324,/documents/279,ATTRIBUTED_EXACT_SOURCE_RECORD,SOURCE_REPORTED_PAGE_LOCATOR,2,91,https://cefael.efa.gr/detail.php?site_id=1&actionID=page&serie_id=EtCret&volume_number=21&issue_number=2&sp=91,,[],UNRESOLVED_EDITION_CONTENT_NOT_ACQUIRED,UNRESOLVED_EDITION_CONTENT_NOT_ACQUIRED,UNRESOLVED_NOT_RECONCILED,,,,false
HT Wa 1451,/documents/280,ATTRIBUTED_EXACT_SOURCE_RECORD,SOURCE_REPORTED_PAGE_LOCATOR,2,99,https://cefael.efa.gr/detail.php?site_id=1&actionID=page&serie_id=EtCret&volume_number=21&issue_number=2&sp=99,,[],UNRESOLVED_EDITION_CONTENT_NOT_ACQUIRED,UNRESOLVED_EDITION_CONTENT_NOT_ACQUIRED,UNRESOLVED_NOT_RECONCILED,,,,false
HT Wa 1471,/documents/281,ATTRIBUTED_EXACT_SOURCE_RECORD,SOURCE_REPORTED_PAGE_LOCATOR,2,101,https://cefael.efa.gr/detail.php?site_id=1&actionID=page&serie_id=EtCret&volume_number=21&issue_number=2&sp=101,,[],UNRESOLVED_EDITION_CONTENT_NOT_ACQUIRED,UNRESOLVED_EDITION_CONTENT_NOT_ACQUIRED,UNRESOLVED_NOT_RECONCILED,,,,false
HT Wa 1472,/documents/282,ATTRIBUTED_EXACT_SOURCE_RECORD,SOURCE_REPORTED_PAGE_LOCATOR,2,101,https://cefael.efa.gr/detail.php?site_id=1&actionID=page&serie_id=EtCret&volume_number=21&issue_number=2&sp=101,,[],UNRESOLVED_EDITION_CONTENT_NOT_ACQUIRED,UNRESOLVED_EDITION_CONTENT_NOT_ACQUIRED,UNRESOLVED_NOT_RECONCILED,,,,false
HT Wa 1473,/documents/283,ATTRIBUTED_EXACT_SOURCE_RECORD,SOURCE_REPORTED_PAGE_LOCATOR,2,101,https://cefael.efa.gr/detail.php?site_id=1&actionID=page&serie_id=EtCret&volume_number=21&issue_number=2&sp=101,,[],UNRESOLVED_EDITION_CONTENT_NOT_ACQUIRED,UNRESOLVED_EDITION_CONTENT_NOT_ACQUIRED,UNRESOLVED_NOT_RECONCILED,,,,false
HT Wa 1474,/documents/284,ATTRIBUTED_EXACT_SOURCE_RECORD,SOURCE_REPORTED_PAGE_LOCATOR,2,101,https://cefael.efa.gr/detail.php?site_id=1&actionID=page&serie_id=EtCret&volume_number=21&issue_number=2&sp=101,,[],UNRESOLVED_EDITION_CONTENT_NOT_ACQUIRED,UNRESOLVED_EDITION_CONTENT_NOT_ACQUIRED,UNRESOLVED_NOT_RECONCILED,,,,false
HT Wa 1481,/documents/285,ATTRIBUTED_EXACT_SOURCE_RECORD,SOURCE_REPORTED_PAGE_LOCATOR,2,101,https://cefael.efa.gr/detail.php?site_id=1&actionID=page&serie_id=EtCret&volume_number=21&issue_number=2&sp=101,,[],UNRESOLVED_EDITION_CONTENT_NOT_ACQUIRED,UNRESOLVED_EDITION_CONTENT_NOT_ACQUIRED,UNRESOLVED_NOT_RECONCILED,,,,false
HT Wa 1490,/documents/286,ATTRIBUTED_EXACT_SOURCE_RECORD,SOURCE_REPORTED_PAGE_LOCATOR,2,102,https://cefael.efa.gr/detail.php?site_id=1&actionID=page&serie_id=EtCret&volume_number=21&issue_number=2&sp=102,,[],UNRESOLVED_EDITION_CONTENT_NOT_ACQUIRED,UNRESOLVED_EDITION_CONTENT_NOT_ACQUIRED,UNRESOLVED_NOT_RECONCILED,,,,false
HT Wa 1508,/documents/287,ATTRIBUTED_EXACT_SOURCE_RECORD,SOURCE_REPORTED_PAGE_LOCATOR,2,103,https://cefael.efa.gr/detail.php?site_id=1&actionID=page&serie_id=EtCret&volume_number=21&issue_number=2&sp=103,,[],UNRESOLVED_EDITION_CONTENT_NOT_ACQUIRED,UNRESOLVED_EDITION_CONTENT_NOT_ACQUIRED,UNRESOLVED_NOT_RECONCILED,,,,false
HT Wa 1512,/documents/288,ATTRIBUTED_EXACT_SOURCE_RECORD,SOURCE_REPORTED_PAGE_LOCATOR,2,103,https://cefael.efa.gr/detail.php?site_id=1&actionID=page&serie_id=EtCret&volume_number=21&issue_number=2&sp=103,,[],UNRESOLVED_EDITION_CONTENT_NOT_ACQUIRED,UNRESOLVED_EDITION_CONTENT_NOT_ACQUIRED,UNRESOLVED_NOT_RECONCILED,,,,false
HT Wa 1518,/documents/289,ATTRIBUTED_EXACT_SOURCE_RECORD,SOURCE_REPORTED_PAGE_LOCATOR,2,104,https://cefael.efa.gr/detail.php?site_id=1&actionID=page&serie_id=EtCret&volume_number=21&issue_number=2&sp=104,,[],UNRESOLVED_EDITION_CONTENT_NOT_ACQUIRED,UNRESOLVED_EDITION_CONTENT_NOT_ACQUIRED,UNRESOLVED_NOT_RECONCILED,,,,false
HT Wa 1530,/documents/290,ATTRIBUTED_EXACT_SOURCE_RECORD,SOURCE_REPORTED_PAGE_LOCATOR,2,104,https://cefael.efa.gr/detail.php?site_id=1&actionID=page&serie_id=EtCret&volume_number=21&issue_number=2&sp=104,,[],UNRESOLVED_EDITION_CONTENT_NOT_ACQUIRED,UNRESOLVED_EDITION_CONTENT_NOT_ACQUIRED,UNRESOLVED_NOT_RECONCILED,,,,false
HT Wa 1531,/documents/291,ATTRIBUTED_EXACT_SOURCE_RECORD,SOURCE_REPORTED_PAGE_LOCATOR,2,105,https://cefael.efa.gr/detail.php?site_id=1&actionID=page&serie_id=EtCret&volume_number=21&issue_number=2&sp=105,,[],UNRESOLVED_EDITION_CONTENT_NOT_ACQUIRED,UNRESOLVED_EDITION_CONTENT_NOT_ACQUIRED,UNRESOLVED_NOT_RECONCILED,,,,false
HT Wa 1533,/documents/292,ATTRIBUTED_EXACT_SOURCE_RECORD,SOURCE_REPORTED_PAGE_LOCATOR,2,105,https://cefael.efa.gr/detail.php?site_id=1&actionID=page&serie_id=EtCret&volume_number=21&issue_number=2&sp=105,,[],UNRESOLVED_EDITION_CONTENT_NOT_ACQUIRED,UNRESOLVED_EDITION_CONTENT_NOT_ACQUIRED,UNRESOLVED_NOT_RECONCILED,,,,false
HT Wa 1538,/documents/293,ATTRIBUTED_EXACT_SOURCE_RECORD,SOURCE_REPORTED_PAGE_LOCATOR,2,105,https://cefael.efa.gr/detail.php?site_id=1&actionID=page&serie_id=EtCret&volume_number=21&issue_number=2&sp=105,,[],UNRESOLVED_EDITION_CONTENT_NOT_ACQUIRED,UNRESOLVED_EDITION_CONTENT_NOT_ACQUIRED,UNRESOLVED_NOT_RECONCILED,,,,false
HT Wa 1544,/documents/294,ATTRIBUTED_EXACT_SOURCE_RECORD,SOURCE_REPORTED_PAGE_LOCATOR,2,105,https://cefael.efa.gr/detail.php?site_id=1&actionID=page&serie_id=EtCret&volume_number=21&issue_number=2&sp=105,,[],UNRESOLVED_EDITION_CONTENT_NOT_ACQUIRED,UNRESOLVED_EDITION_CONTENT_NOT_ACQUIRED,UNRESOLVED_NOT_RECONCILED,,,,false
HT Wa 1547,/documents/295,ATTRIBUTED_EXACT_SOURCE_RECORD,SOURCE_REPORTED_PAGE_LOCATOR,2,106,https://cefael.efa.gr/detail.php?site_id=1&actionID=page&serie_id=EtCret&volume_number=21&issue_number=2&sp=106,,[],UNRESOLVED_EDITION_CONTENT_NOT_ACQUIRED,UNRESOLVED_EDITION_CONTENT_NOT_ACQUIRED,UNRESOLVED_NOT_RECONCILED,,,,false
HT Wa 1550,/documents/296,ATTRIBUTED_EXACT_SOURCE_RECORD,SOURCE_REPORTED_PAGE_LOCATOR,2,106,https://cefael.efa.gr/detail.php?site_id=1&actionID=page&serie_id=EtCret&volume_number=21&issue_number=2&sp=106,,[],UNRESOLVED_EDITION_CONTENT_NOT_ACQUIRED,UNRESOLVED_EDITION_CONTENT_NOT_ACQUIRED,UNRESOLVED_NOT_RECONCILED,,,,false
HT Wa 1559,/documents/297,ATTRIBUTED_EXACT_SOURCE_RECORD,SOURCE_REPORTED_PAGE_LOCATOR,2,106,https://cefael.efa.gr/detail.php?site_id=1&actionID=page&serie_id=EtCret&volume_number=21&issue_number=2&sp=106,,[],UNRESOLVED_EDITION_CONTENT_NOT_ACQUIRED,UNRESOLVED_EDITION_CONTENT_NOT_ACQUIRED,UNRESOLVED_NOT_RECONCILED,,,,false
HT Wa 1561,/documents/298,ATTRIBUTED_EXACT_SOURCE_RECORD,SOURCE_REPORTED_PAGE_LOCATOR,2,107,https://cefael.efa.gr/detail.php?site_id=1&actionID=page&serie_id=EtCret&volume_number=21&issue_number=2&sp=107,,[],UNRESOLVED_EDITION_CONTENT_NOT_ACQUIRED,UNRESOLVED_EDITION_CONTENT_NOT_ACQUIRED,UNRESOLVED_NOT_RECONCILED,,,,false
HT Wa 1562,/documents/299,ATTRIBUTED_EXACT_SOURCE_RECORD,SOURCE_REPORTED_PAGE_LOCATOR,2,107,https://cefael.efa.gr/detail.php?site_id=1&actionID=page&serie_id=EtCret&volume_number=21&issue_number=2&sp=107,,[],UNRESOLVED_EDITION_CONTENT_NOT_ACQUIRED,UNRESOLVED_EDITION_CONTENT_NOT_ACQUIRED,UNRESOLVED_NOT_RECONCILED,,,,false
HT Wa 1579,/documents/300,ATTRIBUTED_EXACT_SOURCE_RECORD,SOURCE_REPORTED_PAGE_LOCATOR,2,108,https://cefael.efa.gr/detail.php?site_id=1&actionID=page&serie_id=EtCret&volume_number=21&issue_number=2&sp=108,,[],UNRESOLVED_EDITION_CONTENT_NOT_ACQUIRED,UNRESOLVED_EDITION_CONTENT_NOT_ACQUIRED,UNRESOLVED_NOT_RECONCILED,,,,false
HT Wa 1584,/documents/301,ATTRIBUTED_EXACT_SOURCE_RECORD,SOURCE_REPORTED_PAGE_LOCATOR,2,108,https://cefael.efa.gr/detail.php?site_id=1&actionID=page&serie_id=EtCret&volume_number=21&issue_number=2&sp=108,,[],UNRESOLVED_EDITION_CONTENT_NOT_ACQUIRED,UNRESOLVED_EDITION_CONTENT_NOT_ACQUIRED,UNRESOLVED_NOT_RECONCILED,,,,false
HT Wa 1587,/documents/302,ATTRIBUTED_EXACT_SOURCE_RECORD,SOURCE_REPORTED_PAGE_LOCATOR,2,108,https://cefael.efa.gr/detail.php?site_id=1&actionID=page&serie_id=EtCret&volume_number=21&issue_number=2&sp=108,,[],UNRESOLVED_EDITION_CONTENT_NOT_ACQUIRED,UNRESOLVED_EDITION_CONTENT_NOT_ACQUIRED,UNRESOLVED_NOT_RECONCILED,,,,false
HT Wa 1590,/documents/303,ATTRIBUTED_EXACT_SOURCE_RECORD,SOURCE_REPORTED_PAGE_LOCATOR,2,108,https://cefael.efa.gr/detail.php?site_id=1&actionID=page&serie_id=EtCret&volume_number=21&issue_number=2&sp=108,,[],UNRESOLVED_EDITION_CONTENT_NOT_ACQUIRED,UNRESOLVED_EDITION_CONTENT_NOT_ACQUIRED,UNRESOLVED_NOT_RECONCILED,,,,false
HT Wa 1592,/documents/304,ATTRIBUTED_EXACT_SOURCE_RECORD,SOURCE_REPORTED_PAGE_LOCATOR,2,109,https://cefael.efa.gr/detail.php?site_id=1&actionID=page&serie_id=EtCret&volume_number=21&issue_number=2&sp=109,,[],UNRESOLVED_EDITION_CONTENT_NOT_ACQUIRED,UNRESOLVED_EDITION_CONTENT_NOT_ACQUIRED,UNRESOLVED_NOT_RECONCILED,,,,false
HT Wa 1598,/documents/305,ATTRIBUTED_EXACT_SOURCE_RECORD,SOURCE_REPORTED_PAGE_LOCATOR,2,109,https://cefael.efa.gr/detail.php?site_id=1&actionID=page&serie_id=EtCret&volume_number=21&issue_number=2&sp=109,,[],UNRESOLVED_EDITION_CONTENT_NOT_ACQUIRED,UNRESOLVED_EDITION_CONTENT_NOT_ACQUIRED,UNRESOLVED_NOT_RECONCILED,,,,false
HT Wa 1600,/documents/306,ATTRIBUTED_EXACT_SOURCE_RECORD,SOURCE_REPORTED_PAGE_LOCATOR,2,109,https://cefael.efa.gr/detail.php?site_id=1&actionID=page&serie_id=EtCret&volume_number=21&issue_number=2&sp=109,,[],UNRESOLVED_EDITION_CONTENT_NOT_ACQUIRED,UNRESOLVED_EDITION_CONTENT_NOT_ACQUIRED,UNRESOLVED_NOT_RECONCILED,,,,false
HT Wa 1603,/documents/307,ATTRIBUTED_EXACT_SOURCE_RECORD,SOURCE_REPORTED_PAGE_LOCATOR,2,109,https://cefael.efa.gr/detail.php?site_id=1&actionID=page&serie_id=EtCret&volume_number=21&issue_number=2&sp=109,,[],UNRESOLVED_EDITION_CONTENT_NOT_ACQUIRED,UNRESOLVED_EDITION_CONTENT_NOT_ACQUIRED,UNRESOLVED_NOT_RECONCILED,,,,false
HT Wa 1608,/documents/308,ATTRIBUTED_EXACT_SOURCE_RECORD,SOURCE_REPORTED_PAGE_LOCATOR,2,110,https://cefael.efa.gr/detail.php?site_id=1&actionID=page&serie_id=EtCret&volume_number=21&issue_number=2&sp=110,,[],UNRESOLVED_EDITION_CONTENT_NOT_ACQUIRED,UNRESOLVED_EDITION_CONTENT_NOT_ACQUIRED,UNRESOLVED_NOT_RECONCILED,,,,false
HT Wa 1610,/documents/309,ATTRIBUTED_EXACT_SOURCE_RECORD,SOURCE_REPORTED_PAGE_LOCATOR,2,110,https://cefael.efa.gr/detail.php?site_id=1&actionID=page&serie_id=EtCret&volume_number=21&issue_number=2&sp=110,,[],UNRESOLVED_EDITION_CONTENT_NOT_ACQUIRED,UNRESOLVED_EDITION_CONTENT_NOT_ACQUIRED,UNRESOLVED_NOT_RECONCILED,,,,false
HT Wa 1612,/documents/310,ATTRIBUTED_EXACT_SOURCE_RECORD,SOURCE_REPORTED_PAGE_LOCATOR,2,110,https://cefael.efa.gr/detail.php?site_id=1&actionID=page&serie_id=EtCret&volume_number=21&issue_number=2&sp=110,,[],UNRESOLVED_EDITION_CONTENT_NOT_ACQUIRED,UNRESOLVED_EDITION_CONTENT_NOT_ACQUIRED,UNRESOLVED_NOT_RECONCILED,,,,false
HT Wa 1613,/documents/311,ATTRIBUTED_EXACT_SOURCE_RECORD,SOURCE_REPORTED_PAGE_LOCATOR,2,110,https://cefael.efa.gr/detail.php?site_id=1&actionID=page&serie_id=EtCret&volume_number=21&issue_number=2&sp=110,,[],UNRESOLVED_EDITION_CONTENT_NOT_ACQUIRED,UNRESOLVED_EDITION_CONTENT_NOT_ACQUIRED,UNRESOLVED_NOT_RECONCILED,,,,false
HT Wa 1614,/documents/312,ATTRIBUTED_EXACT_SOURCE_RECORD,SOURCE_REPORTED_PAGE_LOCATOR,2,110,https://cefael.efa.gr/detail.php?site_id=1&actionID=page&serie_id=EtCret&volume_number=21&issue_number=2&sp=110,,[],UNRESOLVED_EDITION_CONTENT_NOT_ACQUIRED,UNRESOLVED_EDITION_CONTENT_NOT_ACQUIRED,UNRESOLVED_NOT_RECONCILED,,,,false
HT Wa 1623,/documents/313,ATTRIBUTED_EXACT_SOURCE_RECORD,SOURCE_REPORTED_PAGE_LOCATOR,2,111,https://cefael.efa.gr/detail.php?site_id=1&actionID=page&serie_id=EtCret&volume_number=21&issue_number=2&sp=111,,[],UNRESOLVED_EDITION_CONTENT_NOT_ACQUIRED,UNRESOLVED_EDITION_CONTENT_NOT_ACQUIRED,UNRESOLVED_NOT_RECONCILED,,,,false
HT Wa 1624,/documents/314,ATTRIBUTED_EXACT_SOURCE_RECORD,SOURCE_REPORTED_PAGE_LOCATOR,2,111,https://cefael.efa.gr/detail.php?site_id=1&actionID=page&serie_id=EtCret&volume_number=21&issue_number=2&sp=111,,[],UNRESOLVED_EDITION_CONTENT_NOT_ACQUIRED,UNRESOLVED_EDITION_CONTENT_NOT_ACQUIRED,UNRESOLVED_NOT_RECONCILED,,,,false
HT Wa 1625,/documents/315,ATTRIBUTED_EXACT_SOURCE_RECORD,SOURCE_REPORTED_PAGE_LOCATOR,2,111,https://cefael.efa.gr/detail.php?site_id=1&actionID=page&serie_id=EtCret&volume_number=21&issue_number=2&sp=111,,[],UNRESOLVED_EDITION_CONTENT_NOT_ACQUIRED,UNRESOLVED_EDITION_CONTENT_NOT_ACQUIRED,UNRESOLVED_NOT_RECONCILED,,,,false
HT Wa 1631,/documents/316,ATTRIBUTED_EXACT_SOURCE_RECORD,SOURCE_REPORTED_PAGE_LOCATOR,2,111,https://cefael.efa.gr/detail.php?site_id=1&actionID=page&serie_id=EtCret&volume_number=21&issue_number=2&sp=111,,[],UNRESOLVED_EDITION_CONTENT_NOT_ACQUIRED,UNRESOLVED_EDITION_CONTENT_NOT_ACQUIRED,UNRESOLVED_NOT_RECONCILED,,,,false
HT Wa 1639,/documents/317,ATTRIBUTED_EXACT_SOURCE_RECORD,SOURCE_REPORTED_PAGE_LOCATOR,2,112,https://cefael.efa.gr/detail.php?site_id=1&actionID=page&serie_id=EtCret&volume_number=21&issue_number=2&sp=112,,[],UNRESOLVED_EDITION_CONTENT_NOT_ACQUIRED,UNRESOLVED_EDITION_CONTENT_NOT_ACQUIRED,UNRESOLVED_NOT_RECONCILED,,,,false
HT Wa 1654,/documents/318,ATTRIBUTED_EXACT_SOURCE_RECORD,SOURCE_REPORTED_PAGE_LOCATOR,2,113,https://cefael.efa.gr/detail.php?site_id=1&actionID=page&serie_id=EtCret&volume_number=21&issue_number=2&sp=113,,[],UNRESOLVED_EDITION_CONTENT_NOT_ACQUIRED,UNRESOLVED_EDITION_CONTENT_NOT_ACQUIRED,UNRESOLVED_NOT_RECONCILED,,,,false
HT Wa 1658,/documents/319,ATTRIBUTED_EXACT_SOURCE_RECORD,SOURCE_REPORTED_PAGE_LOCATOR,2,112,https://cefael.efa.gr/detail.php?site_id=1&actionID=page&serie_id=EtCret&volume_number=21&issue_number=2&sp=112,,[],UNRESOLVED_EDITION_CONTENT_NOT_ACQUIRED,UNRESOLVED_EDITION_CONTENT_NOT_ACQUIRED,UNRESOLVED_NOT_RECONCILED,,,,false
HT Wa 1659,/documents/320,ATTRIBUTED_EXACT_SOURCE_RECORD,SOURCE_REPORTED_PAGE_LOCATOR,2,112,https://cefael.efa.gr/detail.php?site_id=1&actionID=page&serie_id=EtCret&volume_number=21&issue_number=2&sp=112,,[],UNRESOLVED_EDITION_CONTENT_NOT_ACQUIRED,UNRESOLVED_EDITION_CONTENT_NOT_ACQUIRED,UNRESOLVED_NOT_RECONCILED,,,,false
HT Wa 1669,/documents/321,ATTRIBUTED_EXACT_SOURCE_RECORD,SOURCE_REPORTED_PAGE_LOCATOR,2,114,https://cefael.efa.gr/detail.php?site_id=1&actionID=page&serie_id=EtCret&volume_number=21&issue_number=2&sp=114,,[],UNRESOLVED_EDITION_CONTENT_NOT_ACQUIRED,UNRESOLVED_EDITION_CONTENT_NOT_ACQUIRED,UNRESOLVED_NOT_RECONCILED,,,,false
HT Wa 1710,/documents/322,ATTRIBUTED_EXACT_SOURCE_RECORD,SOURCE_REPORTED_PAGE_LOCATOR,2,117,https://cefael.efa.gr/detail.php?site_id=1&actionID=page&serie_id=EtCret&volume_number=21&issue_number=2&sp=117,,[],UNRESOLVED_EDITION_CONTENT_NOT_ACQUIRED,UNRESOLVED_EDITION_CONTENT_NOT_ACQUIRED,UNRESOLVED_NOT_RECONCILED,,,,false
HT Wa 1720,/documents/323,ATTRIBUTED_EXACT_SOURCE_RECORD,SOURCE_REPORTED_PAGE_LOCATOR,2,117,https://cefael.efa.gr/detail.php?site_id=1&actionID=page&serie_id=EtCret&volume_number=21&issue_number=2&sp=117,,[],UNRESOLVED_EDITION_CONTENT_NOT_ACQUIRED,UNRESOLVED_EDITION_CONTENT_NOT_ACQUIRED,UNRESOLVED_NOT_RECONCILED,,,,false
HT Wa 1723,/documents/324,ATTRIBUTED_EXACT_SOURCE_RECORD,SOURCE_REPORTED_PAGE_LOCATOR,2,117,https://cefael.efa.gr/detail.php?site_id=1&actionID=page&serie_id=EtCret&volume_number=21&issue_number=2&sp=117,,[],UNRESOLVED_EDITION_CONTENT_NOT_ACQUIRED,UNRESOLVED_EDITION_CONTENT_NOT_ACQUIRED,UNRESOLVED_NOT_RECONCILED,,,,false
HT Wa 1725,/documents/325,ATTRIBUTED_EXACT_SOURCE_RECORD,SOURCE_REPORTED_PAGE_LOCATOR,2,118,https://cefael.efa.gr/detail.php?site_id=1&actionID=page&serie_id=EtCret&volume_number=21&issue_number=2&sp=118,,[],UNRESOLVED_EDITION_CONTENT_NOT_ACQUIRED,UNRESOLVED_EDITION_CONTENT_NOT_ACQUIRED,UNRESOLVED_NOT_RECONCILED,,,,false
HT Wa 1734,/documents/326,ATTRIBUTED_EXACT_SOURCE_RECORD,SOURCE_REPORTED_PAGE_LOCATOR,2,118,https://cefael.efa.gr/detail.php?site_id=1&actionID=page&serie_id=EtCret&volume_number=21&issue_number=2&sp=118,,[],UNRESOLVED_EDITION_CONTENT_NOT_ACQUIRED,UNRESOLVED_EDITION_CONTENT_NOT_ACQUIRED,UNRESOLVED_NOT_RECONCILED,,,,false
HT Wa 1747,/documents/327,ATTRIBUTED_EXACT_SOURCE_RECORD,SOURCE_REPORTED_PAGE_LOCATOR,2,119,https://cefael.efa.gr/detail.php?site_id=1&actionID=page&serie_id=EtCret&volume_number=21&issue_number=2&sp=119,,[],UNRESOLVED_EDITION_CONTENT_NOT_ACQUIRED,UNRESOLVED_EDITION_CONTENT_NOT_ACQUIRED,UNRESOLVED_NOT_RECONCILED,,,,false
HT Wa 1751,/documents/328,ATTRIBUTED_EXACT_SOURCE_RECORD,SOURCE_REPORTED_PAGE_LOCATOR,2,119,https://cefael.efa.gr/detail.php?site_id=1&actionID=page&serie_id=EtCret&volume_number=21&issue_number=2&sp=119,,[],UNRESOLVED_EDITION_CONTENT_NOT_ACQUIRED,UNRESOLVED_EDITION_CONTENT_NOT_ACQUIRED,UNRESOLVED_NOT_RECONCILED,,,,false
HT Wa 1753,/documents/329,ATTRIBUTED_EXACT_SOURCE_RECORD,SOURCE_REPORTED_PAGE_LOCATOR,2,119,https://cefael.efa.gr/detail.php?site_id=1&actionID=page&serie_id=EtCret&volume_number=21&issue_number=2&sp=119,,[],UNRESOLVED_EDITION_CONTENT_NOT_ACQUIRED,UNRESOLVED_EDITION_CONTENT_NOT_ACQUIRED,UNRESOLVED_NOT_RECONCILED,,,,false
HT Wa 1754,/documents/330,ATTRIBUTED_EXACT_SOURCE_RECORD,SOURCE_REPORTED_PAGE_LOCATOR,2,119,https://cefael.efa.gr/detail.php?site_id=1&actionID=page&serie_id=EtCret&volume_number=21&issue_number=2&sp=119,,[],UNRESOLVED_EDITION_CONTENT_NOT_ACQUIRED,UNRESOLVED_EDITION_CONTENT_NOT_ACQUIRED,UNRESOLVED_NOT_RECONCILED,,,,false
HT Wa 1758,/documents/331,ATTRIBUTED_EXACT_SOURCE_RECORD,SOURCE_REPORTED_PAGE_LOCATOR,2,120,https://cefael.efa.gr/detail.php?site_id=1&actionID=page&serie_id=EtCret&volume_number=21&issue_number=2&sp=120,,[],UNRESOLVED_EDITION_CONTENT_NOT_ACQUIRED,UNRESOLVED_EDITION_CONTENT_NOT_ACQUIRED,UNRESOLVED_NOT_RECONCILED,,,,false
HT Wa 1764,/documents/332,ATTRIBUTED_EXACT_SOURCE_RECORD,SOURCE_REPORTED_PAGE_LOCATOR,2,120,https://cefael.efa.gr/detail.php?site_id=1&actionID=page&serie_id=EtCret&volume_number=21&issue_number=2&sp=120,,[],UNRESOLVED_EDITION_CONTENT_NOT_ACQUIRED,UNRESOLVED_EDITION_CONTENT_NOT_ACQUIRED,UNRESOLVED_NOT_RECONCILED,,,,false
HT Wa 1766,/documents/333,ATTRIBUTED_EXACT_SOURCE_RECORD,SOURCE_REPORTED_PAGE_LOCATOR,2,120,https://cefael.efa.gr/detail.php?site_id=1&actionID=page&serie_id=EtCret&volume_number=21&issue_number=2&sp=120,,[],UNRESOLVED_EDITION_CONTENT_NOT_ACQUIRED,UNRESOLVED_EDITION_CONTENT_NOT_ACQUIRED,UNRESOLVED_NOT_RECONCILED,,,,false
HT Wa 1793,/documents/334,ATTRIBUTED_EXACT_SOURCE_RECORD,SOURCE_REPORTED_PAGE_LOCATOR,2,122,https://cefael.efa.gr/detail.php?site_id=1&actionID=page&serie_id=EtCret&volume_number=21&issue_number=2&sp=122,,[],UNRESOLVED_EDITION_CONTENT_NOT_ACQUIRED,UNRESOLVED_EDITION_CONTENT_NOT_ACQUIRED,UNRESOLVED_NOT_RECONCILED,,,,false
HT Wa 1805,/documents/335,ATTRIBUTED_EXACT_SOURCE_RECORD,SOURCE_REPORTED_PAGE_LOCATOR,2,123,https://cefael.efa.gr/detail.php?site_id=1&actionID=page&serie_id=EtCret&volume_number=21&issue_number=2&sp=123,,[],UNRESOLVED_EDITION_CONTENT_NOT_ACQUIRED,UNRESOLVED_EDITION_CONTENT_NOT_ACQUIRED,UNRESOLVED_NOT_RECONCILED,,,,false
HT Wa 1809,/documents/336,ATTRIBUTED_EXACT_SOURCE_RECORD,SOURCE_REPORTED_PAGE_LOCATOR,2,123,https://cefael.efa.gr/detail.php?site_id=1&actionID=page&serie_id=EtCret&volume_number=21&issue_number=2&sp=123,,[],UNRESOLVED_EDITION_CONTENT_NOT_ACQUIRED,UNRESOLVED_EDITION_CONTENT_NOT_ACQUIRED,UNRESOLVED_NOT_RECONCILED,,,,false
HT Wa 1813,/documents/337,ATTRIBUTED_EXACT_SOURCE_RECORD,SOURCE_REPORTED_PAGE_LOCATOR,2,123,https://cefael.efa.gr/detail.php?site_id=1&actionID=page&serie_id=EtCret&volume_number=21&issue_number=2&sp=123,,[],UNRESOLVED_EDITION_CONTENT_NOT_ACQUIRED,UNRESOLVED_EDITION_CONTENT_NOT_ACQUIRED,UNRESOLVED_NOT_RECONCILED,,,,false
HT Wa 1816,/documents/338,ATTRIBUTED_EXACT_SOURCE_RECORD,SOURCE_REPORTED_PAGE_LOCATOR,2,124,https://cefael.efa.gr/detail.php?site_id=1&actionID=page&serie_id=EtCret&volume_number=21&issue_number=2&sp=124,,[],UNRESOLVED_EDITION_CONTENT_NOT_ACQUIRED,UNRESOLVED_EDITION_CONTENT_NOT_ACQUIRED,UNRESOLVED_NOT_RECONCILED,,,,false
HT Wa 1849,/documents/339,ATTRIBUTED_EXACT_SOURCE_RECORD,SOURCE_REPORTED_PAGE_LOCATOR,2,126,https://cefael.efa.gr/detail.php?site_id=1&actionID=page&serie_id=EtCret&volume_number=21&issue_number=2&sp=126,,[],UNRESOLVED_EDITION_CONTENT_NOT_ACQUIRED,UNRESOLVED_EDITION_CONTENT_NOT_ACQUIRED,UNRESOLVED_NOT_RECONCILED,,,,false
HT Wa 1850,/documents/340,ATTRIBUTED_EXACT_SOURCE_RECORD,SOURCE_REPORTED_PAGE_LOCATOR,2,126,https://cefael.efa.gr/detail.php?site_id=1&actionID=page&serie_id=EtCret&volume_number=21&issue_number=2&sp=126,,[],UNRESOLVED_EDITION_CONTENT_NOT_ACQUIRED,UNRESOLVED_EDITION_CONTENT_NOT_ACQUIRED,UNRESOLVED_NOT_RECONCILED,,,,false
HT Wa 1851,/documents/341,ATTRIBUTED_EXACT_SOURCE_RECORD,SOURCE_REPORTED_PAGE_LOCATOR,2,126,https://cefael.efa.gr/detail.php?site_id=1&actionID=page&serie_id=EtCret&volume_number=21&issue_number=2&sp=126,,[],UNRESOLVED_EDITION_CONTENT_NOT_ACQUIRED,UNRESOLVED_EDITION_CONTENT_NOT_ACQUIRED,UNRESOLVED_NOT_RECONCILED,,,,false
HT Wa 1852,/documents/342,ATTRIBUTED_EXACT_SOURCE_RECORD,SOURCE_REPORTED_PAGE_LOCATOR,2,126,https://cefael.efa.gr/detail.php?site_id=1&actionID=page&serie_id=EtCret&volume_number=21&issue_number=2&sp=126,,[],UNRESOLVED_EDITION_CONTENT_NOT_ACQUIRED,UNRESOLVED_EDITION_CONTENT_NOT_ACQUIRED,UNRESOLVED_NOT_RECONCILED,,,,false
HT Wa 1853,/documents/343,ATTRIBUTED_EXACT_SOURCE_RECORD,SOURCE_REPORTED_PAGE_LOCATOR,2,126,https://cefael.efa.gr/detail.php?site_id=1&actionID=page&serie_id=EtCret&volume_number=21&issue_number=2&sp=126,,[],UNRESOLVED_EDITION_CONTENT_NOT_ACQUIRED,UNRESOLVED_EDITION_CONTENT_NOT_ACQUIRED,UNRESOLVED_NOT_RECONCILED,,,,false
HT Wa 1854,/documents/344,ATTRIBUTED_EXACT_SOURCE_RECORD,SOURCE_REPORTED_PAGE_LOCATOR,2,126,https://cefael.efa.gr/detail.php?site_id=1&actionID=page&serie_id=EtCret&volume_number=21&issue_number=2&sp=126,,[],UNRESOLVED_EDITION_CONTENT_NOT_ACQUIRED,UNRESOLVED_EDITION_CONTENT_NOT_ACQUIRED,UNRESOLVED_NOT_RECONCILED,,,,false
HT Wa <1021bis>,/documents/345,ATTRIBUTED_EXACT_SOURCE_RECORD,SOURCE_REPORTED_PAGE_LOCATOR,2,69,https://cefael.efa.gr/detail.php?site_id=1&actionID=page&serie_id=EtCret&volume_number=21&issue_number=2&sp=69,,[],UNRESOLVED_EDITION_CONTENT_NOT_ACQUIRED,UNRESOLVED_EDITION_CONTENT_NOT_ACQUIRED,UNRESOLVED_NOT_RECONCILED,,,,false
HT Wc 3001,/documents/346,ATTRIBUTED_EXACT_SOURCE_RECORD,SOURCE_REPORTED_PAGE_LOCATOR,2,132,https://cefael.efa.gr/detail.php?site_id=1&actionID=page&serie_id=EtCret&volume_number=21&issue_number=2&sp=132,,[],UNRESOLVED_EDITION_CONTENT_NOT_ACQUIRED,UNRESOLVED_EDITION_CONTENT_NOT_ACQUIRED,UNRESOLVED_NOT_RECONCILED,,,,false
HT Wc 3001-latus,/documents/347,ATTRIBUTED_EXACT_SOURCE_RECORD,SOURCE_REPORTED_PAGE_LOCATOR,2,132,https://cefael.efa.gr/detail.php?site_id=1&actionID=page&serie_id=EtCret&volume_number=21&issue_number=2&sp=132,,[],UNRESOLVED_EDITION_CONTENT_NOT_ACQUIRED,UNRESOLVED_EDITION_CONTENT_NOT_ACQUIRED,UNRESOLVED_NOT_RECONCILED,,,,false
HT Wc 3002,/documents/348,ATTRIBUTED_EXACT_SOURCE_RECORD,SOURCE_REPORTED_PAGE_LOCATOR,2,132,https://cefael.efa.gr/detail.php?site_id=1&actionID=page&serie_id=EtCret&volume_number=21&issue_number=2&sp=132,,[],UNRESOLVED_EDITION_CONTENT_NOT_ACQUIRED,UNRESOLVED_EDITION_CONTENT_NOT_ACQUIRED,UNRESOLVED_NOT_RECONCILED,,,,false
HT Wc 3003,/documents/349,ATTRIBUTED_EXACT_SOURCE_RECORD,SOURCE_REPORTED_PAGE_LOCATOR,2,132,https://cefael.efa.gr/detail.php?site_id=1&actionID=page&serie_id=EtCret&volume_number=21&issue_number=2&sp=132,,[],UNRESOLVED_EDITION_CONTENT_NOT_ACQUIRED,UNRESOLVED_EDITION_CONTENT_NOT_ACQUIRED,UNRESOLVED_NOT_RECONCILED,,,,false
HT Wc 3004a,/documents/350,ATTRIBUTED_EXACT_SOURCE_RECORD,SOURCE_REPORTED_PAGE_LOCATOR,2,133,https://cefael.efa.gr/detail.php?site_id=1&actionID=page&serie_id=EtCret&volume_number=21&issue_number=2&sp=133,,[],UNRESOLVED_EDITION_CONTENT_NOT_ACQUIRED,UNRESOLVED_EDITION_CONTENT_NOT_ACQUIRED,UNRESOLVED_NOT_RECONCILED,,,,false
HT Wc 3004b,/documents/351,ATTRIBUTED_EXACT_SOURCE_RECORD,SOURCE_REPORTED_PAGE_LOCATOR,2,133,https://cefael.efa.gr/detail.php?site_id=1&actionID=page&serie_id=EtCret&volume_number=21&issue_number=2&sp=133,,[],UNRESOLVED_EDITION_CONTENT_NOT_ACQUIRED,UNRESOLVED_EDITION_CONTENT_NOT_ACQUIRED,UNRESOLVED_NOT_RECONCILED,,,,false
HT Wc 3005a,/documents/352,ATTRIBUTED_EXACT_SOURCE_RECORD,SOURCE_REPORTED_PAGE_LOCATOR,2,133,https://cefael.efa.gr/detail.php?site_id=1&actionID=page&serie_id=EtCret&volume_number=21&issue_number=2&sp=133,,[],UNRESOLVED_EDITION_CONTENT_NOT_ACQUIRED,UNRESOLVED_EDITION_CONTENT_NOT_ACQUIRED,UNRESOLVED_NOT_RECONCILED,,,,false
HT Wc 3005b,/documents/353,ATTRIBUTED_EXACT_SOURCE_RECORD,SOURCE_REPORTED_PAGE_LOCATOR,2,133,https://cefael.efa.gr/detail.php?site_id=1&actionID=page&serie_id=EtCret&volume_number=21&issue_number=2&sp=133,,[],UNRESOLVED_EDITION_CONTENT_NOT_ACQUIRED,UNRESOLVED_EDITION_CONTENT_NOT_ACQUIRED,UNRESOLVED_NOT_RECONCILED,,,,false
HT Wc 3006a,/documents/354,ATTRIBUTED_EXACT_SOURCE_RECORD,SOURCE_REPORTED_PAGE_LOCATOR,2,133,https://cefael.efa.gr/detail.php?site_id=1&actionID=page&serie_id=EtCret&volume_number=21&issue_number=2&sp=133,,[],UNRESOLVED_EDITION_CONTENT_NOT_ACQUIRED,UNRESOLVED_EDITION_CONTENT_NOT_ACQUIRED,UNRESOLVED_NOT_RECONCILED,,,,false
HT Wc 3006b,/documents/355,ATTRIBUTED_EXACT_SOURCE_RECORD,SOURCE_REPORTED_PAGE_LOCATOR,2,133,https://cefael.efa.gr/detail.php?site_id=1&actionID=page&serie_id=EtCret&volume_number=21&issue_number=2&sp=133,,[],UNRESOLVED_EDITION_CONTENT_NOT_ACQUIRED,UNRESOLVED_EDITION_CONTENT_NOT_ACQUIRED,UNRESOLVED_NOT_RECONCILED,,,,false
HT Wc 3007,/documents/356,ATTRIBUTED_EXACT_SOURCE_RECORD,SOURCE_REPORTED_PAGE_LOCATOR,2,134,https://cefael.efa.gr/detail.php?site_id=1&actionID=page&serie_id=EtCret&volume_number=21&issue_number=2&sp=134,,[],UNRESOLVED_EDITION_CONTENT_NOT_ACQUIRED,UNRESOLVED_EDITION_CONTENT_NOT_ACQUIRED,UNRESOLVED_NOT_RECONCILED,,,,false
HT Wc 3008a,/documents/357,ATTRIBUTED_EXACT_SOURCE_RECORD,SOURCE_REPORTED_PAGE_LOCATOR,2,134,https://cefael.efa.gr/detail.php?site_id=1&actionID=page&serie_id=EtCret&volume_number=21&issue_number=2&sp=134,,[],UNRESOLVED_EDITION_CONTENT_NOT_ACQUIRED,UNRESOLVED_EDITION_CONTENT_NOT_ACQUIRED,UNRESOLVED_NOT_RECONCILED,,,,false
HT Wc 3008b,/documents/358,ATTRIBUTED_EXACT_SOURCE_RECORD,SOURCE_REPORTED_PAGE_LOCATOR,2,134,https://cefael.efa.gr/detail.php?site_id=1&actionID=page&serie_id=EtCret&volume_number=21&issue_number=2&sp=134,,[],UNRESOLVED_EDITION_CONTENT_NOT_ACQUIRED,UNRESOLVED_EDITION_CONTENT_NOT_ACQUIRED,UNRESOLVED_NOT_RECONCILED,,,,false
HT Wc 3009a,/documents/359,ATTRIBUTED_EXACT_SOURCE_RECORD,SOURCE_REPORTED_PAGE_LOCATOR,2,134,https://cefael.efa.gr/detail.php?site_id=1&actionID=page&serie_id=EtCret&volume_number=21&issue_number=2&sp=134,,[],UNRESOLVED_EDITION_CONTENT_NOT_ACQUIRED,UNRESOLVED_EDITION_CONTENT_NOT_ACQUIRED,UNRESOLVED_NOT_RECONCILED,,,,false
HT Wc 3009b,/documents/360,ATTRIBUTED_EXACT_SOURCE_RECORD,SOURCE_REPORTED_PAGE_LOCATOR,2,134,https://cefael.efa.gr/detail.php?site_id=1&actionID=page&serie_id=EtCret&volume_number=21&issue_number=2&sp=134,,[],UNRESOLVED_EDITION_CONTENT_NOT_ACQUIRED,UNRESOLVED_EDITION_CONTENT_NOT_ACQUIRED,UNRESOLVED_NOT_RECONCILED,,,,false
HT Wc 3010,/documents/361,ATTRIBUTED_EXACT_SOURCE_RECORD,SOURCE_REPORTED_PAGE_LOCATOR,2,135,https://cefael.efa.gr/detail.php?site_id=1&actionID=page&serie_id=EtCret&volume_number=21&issue_number=2&sp=135,,[],UNRESOLVED_EDITION_CONTENT_NOT_ACQUIRED,UNRESOLVED_EDITION_CONTENT_NOT_ACQUIRED,UNRESOLVED_NOT_RECONCILED,,,,false
HT Wc 3011,/documents/362,ATTRIBUTED_EXACT_SOURCE_RECORD,SOURCE_REPORTED_PAGE_LOCATOR,2,135,https://cefael.efa.gr/detail.php?site_id=1&actionID=page&serie_id=EtCret&volume_number=21&issue_number=2&sp=135,,[],UNRESOLVED_EDITION_CONTENT_NOT_ACQUIRED,UNRESOLVED_EDITION_CONTENT_NOT_ACQUIRED,UNRESOLVED_NOT_RECONCILED,,,,false
HT Wc 3012a,/documents/363,ATTRIBUTED_EXACT_SOURCE_RECORD,SOURCE_REPORTED_PAGE_LOCATOR,2,135,https://cefael.efa.gr/detail.php?site_id=1&actionID=page&serie_id=EtCret&volume_number=21&issue_number=2&sp=135,,[],UNRESOLVED_EDITION_CONTENT_NOT_ACQUIRED,UNRESOLVED_EDITION_CONTENT_NOT_ACQUIRED,UNRESOLVED_NOT_RECONCILED,,,,false
HT Wc 3012b,/documents/364,ATTRIBUTED_EXACT_SOURCE_RECORD,SOURCE_REPORTED_PAGE_LOCATOR,2,135,https://cefael.efa.gr/detail.php?site_id=1&actionID=page&serie_id=EtCret&volume_number=21&issue_number=2&sp=135,,[],UNRESOLVED_EDITION_CONTENT_NOT_ACQUIRED,UNRESOLVED_EDITION_CONTENT_NOT_ACQUIRED,UNRESOLVED_NOT_RECONCILED,,,,false
HT Wc 3013,/documents/365,ATTRIBUTED_EXACT_SOURCE_RECORD,SOURCE_REPORTED_PAGE_LOCATOR,2,136,https://cefael.efa.gr/detail.php?site_id=1&actionID=page&serie_id=EtCret&volume_number=21&issue_number=2&sp=136,,[],UNRESOLVED_EDITION_CONTENT_NOT_ACQUIRED,UNRESOLVED_EDITION_CONTENT_NOT_ACQUIRED,UNRESOLVED_NOT_RECONCILED,,,,false
HT Wc 3014a,/documents/366,ATTRIBUTED_EXACT_SOURCE_RECORD,SOURCE_REPORTED_PAGE_LOCATOR,2,136,https://cefael.efa.gr/detail.php?site_id=1&actionID=page&serie_id=EtCret&volume_number=21&issue_number=2&sp=136,,[],UNRESOLVED_EDITION_CONTENT_NOT_ACQUIRED,UNRESOLVED_EDITION_CONTENT_NOT_ACQUIRED,UNRESOLVED_NOT_RECONCILED,,,,false
HT Wc 3014b,/documents/367,ATTRIBUTED_EXACT_SOURCE_RECORD,SOURCE_REPORTED_PAGE_LOCATOR,2,136,https://cefael.efa.gr/detail.php?site_id=1&actionID=page&serie_id=EtCret&volume_number=21&issue_number=2&sp=136,,[],UNRESOLVED_EDITION_CONTENT_NOT_ACQUIRED,UNRESOLVED_EDITION_CONTENT_NOT_ACQUIRED,UNRESOLVED_NOT_RECONCILED,,,,false
HT Wc 3015a,/documents/368,ATTRIBUTED_EXACT_SOURCE_RECORD,SOURCE_REPORTED_PAGE_LOCATOR,2,136,https://cefael.efa.gr/detail.php?site_id=1&actionID=page&serie_id=EtCret&volume_number=21&issue_number=2&sp=136,,[],UNRESOLVED_EDITION_CONTENT_NOT_ACQUIRED,UNRESOLVED_EDITION_CONTENT_NOT_ACQUIRED,UNRESOLVED_NOT_RECONCILED,,,,false
HT Wc 3015b,/documents/369,ATTRIBUTED_EXACT_SOURCE_RECORD,SOURCE_REPORTED_PAGE_LOCATOR,2,136,https://cefael.efa.gr/detail.php?site_id=1&actionID=page&serie_id=EtCret&volume_number=21&issue_number=2&sp=136,,[],UNRESOLVED_EDITION_CONTENT_NOT_ACQUIRED,UNRESOLVED_EDITION_CONTENT_NOT_ACQUIRED,UNRESOLVED_NOT_RECONCILED,,,,false
HT Wc 3016a,/documents/370,ATTRIBUTED_EXACT_SOURCE_RECORD,SOURCE_REPORTED_PAGE_LOCATOR,2,137,https://cefael.efa.gr/detail.php?site_id=1&actionID=page&serie_id=EtCret&volume_number=21&issue_number=2&sp=137,,[],UNRESOLVED_EDITION_CONTENT_NOT_ACQUIRED,UNRESOLVED_EDITION_CONTENT_NOT_ACQUIRED,UNRESOLVED_NOT_RECONCILED,,,,false
HT Wc 3016b,/documents/371,ATTRIBUTED_EXACT_SOURCE_RECORD,SOURCE_REPORTED_PAGE_LOCATOR,2,137,https://cefael.efa.gr/detail.php?site_id=1&actionID=page&serie_id=EtCret&volume_number=21&issue_number=2&sp=137,,[],UNRESOLVED_EDITION_CONTENT_NOT_ACQUIRED,UNRESOLVED_EDITION_CONTENT_NOT_ACQUIRED,UNRESOLVED_NOT_RECONCILED,,,,false
HT Wc 3017a,/documents/372,ATTRIBUTED_EXACT_SOURCE_RECORD,SOURCE_REPORTED_PAGE_LOCATOR,2,137,https://cefael.efa.gr/detail.php?site_id=1&actionID=page&serie_id=EtCret&volume_number=21&issue_number=2&sp=137,,[],UNRESOLVED_EDITION_CONTENT_NOT_ACQUIRED,UNRESOLVED_EDITION_CONTENT_NOT_ACQUIRED,UNRESOLVED_NOT_RECONCILED,,,,false
HT Wc 3017b,/documents/373,ATTRIBUTED_EXACT_SOURCE_RECORD,SOURCE_REPORTED_PAGE_LOCATOR,2,137,https://cefael.efa.gr/detail.php?site_id=1&actionID=page&serie_id=EtCret&volume_number=21&issue_number=2&sp=137,,[],UNRESOLVED_EDITION_CONTENT_NOT_ACQUIRED,UNRESOLVED_EDITION_CONTENT_NOT_ACQUIRED,UNRESOLVED_NOT_RECONCILED,,,,false
HT Wc 3019,/documents/374,ATTRIBUTED_EXACT_SOURCE_RECORD,SOURCE_REPORTED_PAGE_LOCATOR,2,138,https://cefael.efa.gr/detail.php?site_id=1&actionID=page&serie_id=EtCret&volume_number=21&issue_number=2&sp=138,,[],UNRESOLVED_EDITION_CONTENT_NOT_ACQUIRED,UNRESOLVED_EDITION_CONTENT_NOT_ACQUIRED,UNRESOLVED_NOT_RECONCILED,,,,false
HT Wc 3019-latus,/documents/375,ATTRIBUTED_EXACT_SOURCE_RECORD,SOURCE_REPORTED_PAGE_LOCATOR,2,138,https://cefael.efa.gr/detail.php?site_id=1&actionID=page&serie_id=EtCret&volume_number=21&issue_number=2&sp=138,,[],UNRESOLVED_EDITION_CONTENT_NOT_ACQUIRED,UNRESOLVED_EDITION_CONTENT_NOT_ACQUIRED,UNRESOLVED_NOT_RECONCILED,,,,false
HT Wc 3020a,/documents/376,ATTRIBUTED_EXACT_SOURCE_RECORD,SOURCE_REPORTED_PAGE_LOCATOR,2,138,https://cefael.efa.gr/detail.php?site_id=1&actionID=page&serie_id=EtCret&volume_number=21&issue_number=2&sp=138,,[],UNRESOLVED_EDITION_CONTENT_NOT_ACQUIRED,UNRESOLVED_EDITION_CONTENT_NOT_ACQUIRED,UNRESOLVED_NOT_RECONCILED,,,,false
HT Wc 3020b,/documents/377,ATTRIBUTED_EXACT_SOURCE_RECORD,SOURCE_REPORTED_PAGE_LOCATOR,2,138,https://cefael.efa.gr/detail.php?site_id=1&actionID=page&serie_id=EtCret&volume_number=21&issue_number=2&sp=138,,[],UNRESOLVED_EDITION_CONTENT_NOT_ACQUIRED,UNRESOLVED_EDITION_CONTENT_NOT_ACQUIRED,UNRESOLVED_NOT_RECONCILED,,,,false
HT Wc 3022,/documents/378,ATTRIBUTED_EXACT_SOURCE_RECORD,SOURCE_REPORTED_PAGE_LOCATOR,5,66,https://cefael.efa.gr/detail.php?site_id=1&actionID=page&serie_id=EtCret&volume_number=21&issue_number=5&sp=66,,[],UNRESOLVED_EDITION_CONTENT_NOT_ACQUIRED,UNRESOLVED_EDITION_CONTENT_NOT_ACQUIRED,UNRESOLVED_NOT_RECONCILED,,,,false
HT Zb 158a,/documents/379,ATTRIBUTED_EXACT_SOURCE_RECORD,SOURCE_REPORTED_PAGE_LOCATOR,4,106,https://cefael.efa.gr/detail.php?site_id=1&actionID=page&serie_id=EtCret&volume_number=21&issue_number=4&sp=106,,[],UNRESOLVED_EDITION_CONTENT_NOT_ACQUIRED,UNRESOLVED_EDITION_CONTENT_NOT_ACQUIRED,UNRESOLVED_NOT_RECONCILED,,,,false
HT Zb 158b,/documents/380,ATTRIBUTED_EXACT_SOURCE_RECORD,SOURCE_REPORTED_PAGE_LOCATOR,4,106,https://cefael.efa.gr/detail.php?site_id=1&actionID=page&serie_id=EtCret&volume_number=21&issue_number=4&sp=106,,[],UNRESOLVED_EDITION_CONTENT_NOT_ACQUIRED,UNRESOLVED_EDITION_CONTENT_NOT_ACQUIRED,UNRESOLVED_NOT_RECONCILED,,,,false
HT Zb 159,/documents/381,ATTRIBUTED_EXACT_SOURCE_RECORD,SOURCE_REPORTED_PAGE_LOCATOR,4,108,https://cefael.efa.gr/detail.php?site_id=1&actionID=page&serie_id=EtCret&volume_number=21&issue_number=4&sp=108,,[],UNRESOLVED_EDITION_CONTENT_NOT_ACQUIRED,UNRESOLVED_EDITION_CONTENT_NOT_ACQUIRED,UNRESOLVED_NOT_RECONCILED,,,,false
HT Zb 160,/documents/382,ATTRIBUTED_EXACT_SOURCE_RECORD,SOURCE_REPORTED_PAGE_LOCATOR,4,109,https://cefael.efa.gr/detail.php?site_id=1&actionID=page&serie_id=EtCret&volume_number=21&issue_number=4&sp=109,,[],UNRESOLVED_EDITION_CONTENT_NOT_ACQUIRED,UNRESOLVED_EDITION_CONTENT_NOT_ACQUIRED,UNRESOLVED_NOT_RECONCILED,,,,false
HT Zb 161,/documents/383,ATTRIBUTED_EXACT_SOURCE_RECORD,SOURCE_REPORTED_PAGE_LOCATOR,4,110,https://cefael.efa.gr/detail.php?site_id=1&actionID=page&serie_id=EtCret&volume_number=21&issue_number=4&sp=110,,[],UNRESOLVED_EDITION_CONTENT_NOT_ACQUIRED,UNRESOLVED_EDITION_CONTENT_NOT_ACQUIRED,UNRESOLVED_NOT_RECONCILED,,,,false
HT Zd 155,/documents/384,ATTRIBUTED_EXACT_SOURCE_RECORD,SOURCE_REPORTED_PAGE_LOCATOR,4,110,https://cefael.efa.gr/detail.php?site_id=1&actionID=page&serie_id=EtCret&volume_number=21&issue_number=4&sp=110,,[],UNRESOLVED_EDITION_CONTENT_NOT_ACQUIRED,UNRESOLVED_EDITION_CONTENT_NOT_ACQUIRED,UNRESOLVED_NOT_RECONCILED,,,,false
HT Zd 156,/documents/385,ATTRIBUTED_EXACT_SOURCE_RECORD,SOURCE_REPORTED_PAGE_LOCATOR,4,175,https://cefael.efa.gr/detail.php?site_id=1&actionID=page&serie_id=EtCret&volume_number=21&issue_number=4&sp=175,,[],UNRESOLVED_EDITION_CONTENT_NOT_ACQUIRED,UNRESOLVED_EDITION_CONTENT_NOT_ACQUIRED,UNRESOLVED_NOT_RECONCILED,,,,false
HT Zd 157,/documents/386,ATTRIBUTED_EXACT_SOURCE_RECORD,SOURCE_REPORTED_PAGE_LOCATOR,4,177,https://cefael.efa.gr/detail.php?site_id=1&actionID=page&serie_id=EtCret&volume_number=21&issue_number=4&sp=177,,[],UNRESOLVED_EDITION_CONTENT_NOT_ACQUIRED,UNRESOLVED_EDITION_CONTENT_NOT_ACQUIRED,UNRESOLVED_NOT_RECONCILED,,,,false
KE 1,/documents/387,ATTRIBUTED_EXACT_SOURCE_RECORD,SOURCE_REPORTED_PAGE_LOCATOR,1,290,https://cefael.efa.gr/detail.php?site_id=1&actionID=page&serie_id=EtCret&volume_number=21&issue_number=1&sp=290,,[],UNRESOLVED_EDITION_CONTENT_NOT_ACQUIRED,UNRESOLVED_EDITION_CONTENT_NOT_ACQUIRED,UNRESOLVED_NOT_RECONCILED,,,,false
KE 6a,/documents/388,ATTRIBUTED_EXACT_SOURCE_RECORD,SOURCE_POINTS_TO_LATER_EDITION,,,,,[],UNRESOLVED_EDITION_CONTENT_NOT_ACQUIRED,UNRESOLVED_EDITION_CONTENT_NOT_ACQUIRED,SOURCE_REPORTED_PUBLICATION_SECTION_CANDIDATE,https://editions.efa.gr/?r=publication&id=1050,9,,false
KE 6b,/documents/389,ATTRIBUTED_EXACT_SOURCE_RECORD,SOURCE_POINTS_TO_LATER_EDITION,,,,,[],UNRESOLVED_EDITION_CONTENT_NOT_ACQUIRED,UNRESOLVED_EDITION_CONTENT_NOT_ACQUIRED,SOURCE_REPORTED_PUBLICATION_SECTION_CANDIDATE,https://editions.efa.gr/?r=publication&id=1050,9,,false
KE Zb 4,/documents/390,ATTRIBUTED_EXACT_SOURCE_RECORD,UNRESOLVED_NO_USABLE_REFERENCE,,,,,[],UNRESOLVED_EDITION_CONTENT_NOT_ACQUIRED,UNRESOLVED_EDITION_CONTENT_NOT_ACQUIRED,UNRESOLVED_NOT_RECONCILED,,,ABSENT,false
KE Zb 5,/documents/391,ATTRIBUTED_EXACT_SOURCE_RECORD,UNRESOLVED_NO_USABLE_REFERENCE,,,,,[],UNRESOLVED_EDITION_CONTENT_NOT_ACQUIRED,UNRESOLVED_EDITION_CONTENT_NOT_ACQUIRED,UNRESOLVED_NOT_RECONCILED,,,ABSENT,false
KH 1,/documents/392,ATTRIBUTED_EXACT_SOURCE_RECORD,SOURCE_REPORTED_PAGE_LOCATOR,3,46,https://cefael.efa.gr/detail.php?site_id=1&actionID=page&serie_id=EtCret&volume_number=21&issue_number=3&sp=46,,[],UNRESOLVED_EDITION_CONTENT_NOT_ACQUIRED,UNRESOLVED_EDITION_CONTENT_NOT_ACQUIRED,UNRESOLVED_NOT_RECONCILED,,,,false
KH 10,/documents/393,ATTRIBUTED_EXACT_SOURCE_RECORD,SOURCE_REPORTED_PAGE_LOCATOR,3,60,https://cefael.efa.gr/detail.php?site_id=1&actionID=page&serie_id=EtCret&volume_number=21&issue_number=3&sp=60,,[],UNRESOLVED_EDITION_CONTENT_NOT_ACQUIRED,UNRESOLVED_EDITION_CONTENT_NOT_ACQUIRED,UNRESOLVED_NOT_RECONCILED,,,,false
KH 100,/documents/394,ATTRIBUTED_EXACT_SOURCE_RECORD,UNRESOLVED_NO_USABLE_REFERENCE,,,,,[],UNRESOLVED_EDITION_CONTENT_NOT_ACQUIRED,UNRESOLVED_EDITION_CONTENT_NOT_ACQUIRED,UNRESOLVED_NOT_RECONCILED,,,ABSENT,false
KH 101,/documents/395,ATTRIBUTED_EXACT_SOURCE_RECORD,SOURCE_POINTS_TO_LATER_EDITION,,,,,[],UNRESOLVED_EDITION_CONTENT_NOT_ACQUIRED,UNRESOLVED_EDITION_CONTENT_NOT_ACQUIRED,SOURCE_REPORTED_PUBLICATION_SECTION_CANDIDATE,https://editions.efa.gr/?r=publication&id=1050,13,,false
KH 102,/documents/396,ATTRIBUTED_EXACT_SOURCE_RECORD,SOURCE_POINTS_TO_LATER_EDITION,,,,,[],UNRESOLVED_EDITION_CONTENT_NOT_ACQUIRED,UNRESOLVED_EDITION_CONTENT_NOT_ACQUIRED,SOURCE_REPORTED_PUBLICATION_SECTION_CANDIDATE,https://editions.efa.gr/?r=publication&id=1050,13,,false
KH 103,/documents/397,ATTRIBUTED_EXACT_SOURCE_RECORD,SOURCE_POINTS_TO_LATER_EDITION,,,,,[],UNRESOLVED_EDITION_CONTENT_NOT_ACQUIRED,UNRESOLVED_EDITION_CONTENT_NOT_ACQUIRED,SOURCE_REPORTED_PUBLICATION_SECTION_CANDIDATE,https://editions.efa.gr/?r=publication&id=1050,13,,false
KH 104,/documents/398,ATTRIBUTED_EXACT_SOURCE_RECORD,SOURCE_POINTS_TO_LATER_EDITION,,,,,[],UNRESOLVED_EDITION_CONTENT_NOT_ACQUIRED,UNRESOLVED_EDITION_CONTENT_NOT_ACQUIRED,SOURCE_REPORTED_PUBLICATION_SECTION_CANDIDATE,https://editions.efa.gr/?r=publication&id=1050,13,,false
KH 105,/documents/399,ATTRIBUTED_EXACT_SOURCE_RECORD,SOURCE_POINTS_TO_LATER_EDITION,,,,,[],UNRESOLVED_EDITION_CONTENT_NOT_ACQUIRED,UNRESOLVED_EDITION_CONTENT_NOT_ACQUIRED,SOURCE_REPORTED_PUBLICATION_SECTION_CANDIDATE,https://editions.efa.gr/?r=publication&id=1050,13,,false
KH 11,/documents/400,ATTRIBUTED_EXACT_SOURCE_RECORD,SOURCE_REPORTED_PAGE_LOCATOR,3,62,https://cefael.efa.gr/detail.php?site_id=1&actionID=page&serie_id=EtCret&volume_number=21&issue_number=3&sp=62,,[],UNRESOLVED_EDITION_CONTENT_NOT_ACQUIRED,UNRESOLVED_EDITION_CONTENT_NOT_ACQUIRED,UNRESOLVED_NOT_RECONCILED,,,,false
KH 12,/documents/401,ATTRIBUTED_EXACT_SOURCE_RECORD,SOURCE_REPORTED_PAGE_LOCATOR,3,64,https://cefael.efa.gr/detail.php?site_id=1&actionID=page&serie_id=EtCret&volume_number=21&issue_number=3&sp=64,,[],UNRESOLVED_EDITION_CONTENT_NOT_ACQUIRED,UNRESOLVED_EDITION_CONTENT_NOT_ACQUIRED,UNRESOLVED_NOT_RECONCILED,,,,false
KH 13,/documents/402,ATTRIBUTED_EXACT_SOURCE_RECORD,SOURCE_REPORTED_PAGE_LOCATOR,3,66,https://cefael.efa.gr/detail.php?site_id=1&actionID=page&serie_id=EtCret&volume_number=21&issue_number=3&sp=66,,[],UNRESOLVED_EDITION_CONTENT_NOT_ACQUIRED,UNRESOLVED_EDITION_CONTENT_NOT_ACQUIRED,UNRESOLVED_NOT_RECONCILED,,,,false
KH 14,/documents/403,ATTRIBUTED_EXACT_SOURCE_RECORD,SOURCE_REPORTED_PAGE_LOCATOR,3,68,https://cefael.efa.gr/detail.php?site_id=1&actionID=page&serie_id=EtCret&volume_number=21&issue_number=3&sp=68,,[],UNRESOLVED_EDITION_CONTENT_NOT_ACQUIRED,UNRESOLVED_EDITION_CONTENT_NOT_ACQUIRED,UNRESOLVED_NOT_RECONCILED,,,,false
KH 15,/documents/404,ATTRIBUTED_EXACT_SOURCE_RECORD,SOURCE_REPORTED_PAGE_LOCATOR,3,70,https://cefael.efa.gr/detail.php?site_id=1&actionID=page&serie_id=EtCret&volume_number=21&issue_number=3&sp=70,,[],UNRESOLVED_EDITION_CONTENT_NOT_ACQUIRED,UNRESOLVED_EDITION_CONTENT_NOT_ACQUIRED,UNRESOLVED_NOT_RECONCILED,,,,false
KH 16,/documents/405,ATTRIBUTED_EXACT_SOURCE_RECORD,SOURCE_REPORTED_PAGE_LOCATOR,3,70,https://cefael.efa.gr/detail.php?site_id=1&actionID=page&serie_id=EtCret&volume_number=21&issue_number=3&sp=70,,[],UNRESOLVED_EDITION_CONTENT_NOT_ACQUIRED,UNRESOLVED_EDITION_CONTENT_NOT_ACQUIRED,UNRESOLVED_NOT_RECONCILED,,,,false
KH 17,/documents/406,ATTRIBUTED_EXACT_SOURCE_RECORD,SOURCE_REPORTED_PAGE_LOCATOR,3,72,https://cefael.efa.gr/detail.php?site_id=1&actionID=page&serie_id=EtCret&volume_number=21&issue_number=3&sp=72,,[],UNRESOLVED_EDITION_CONTENT_NOT_ACQUIRED,UNRESOLVED_EDITION_CONTENT_NOT_ACQUIRED,UNRESOLVED_NOT_RECONCILED,,,,false
KH 18,/documents/407,ATTRIBUTED_EXACT_SOURCE_RECORD,SOURCE_REPORTED_PAGE_LOCATOR,3,72,https://cefael.efa.gr/detail.php?site_id=1&actionID=page&serie_id=EtCret&volume_number=21&issue_number=3&sp=72,,[],UNRESOLVED_EDITION_CONTENT_NOT_ACQUIRED,UNRESOLVED_EDITION_CONTENT_NOT_ACQUIRED,UNRESOLVED_NOT_RECONCILED,,,,false
KH 19,/documents/408,ATTRIBUTED_EXACT_SOURCE_RECORD,SOURCE_REPORTED_PAGE_LOCATOR,3,74,https://cefael.efa.gr/detail.php?site_id=1&actionID=page&serie_id=EtCret&volume_number=21&issue_number=3&sp=74,,[],UNRESOLVED_EDITION_CONTENT_NOT_ACQUIRED,UNRESOLVED_EDITION_CONTENT_NOT_ACQUIRED,UNRESOLVED_NOT_RECONCILED,,,,false
KH 2,/documents/409,ATTRIBUTED_EXACT_SOURCE_RECORD,SOURCE_REPORTED_PAGE_LOCATOR,3,46,https://cefael.efa.gr/detail.php?site_id=1&actionID=page&serie_id=EtCret&volume_number=21&issue_number=3&sp=46,,[],UNRESOLVED_EDITION_CONTENT_NOT_ACQUIRED,UNRESOLVED_EDITION_CONTENT_NOT_ACQUIRED,UNRESOLVED_NOT_RECONCILED,,,,false
KH 20,/documents/410,ATTRIBUTED_EXACT_SOURCE_RECORD,UNRESOLVED_NO_USABLE_REFERENCE,,,,,[],UNRESOLVED_EDITION_CONTENT_NOT_ACQUIRED,UNRESOLVED_EDITION_CONTENT_NOT_ACQUIRED,UNRESOLVED_NOT_RECONCILED,,,ABSENT,false
KH 21,/documents/411,ATTRIBUTED_EXACT_SOURCE_RECORD,SOURCE_REPORTED_PAGE_LOCATOR,3,78,https://cefael.efa.gr/detail.php?site_id=1&actionID=page&serie_id=EtCret&volume_number=21&issue_number=3&sp=78,,[],UNRESOLVED_EDITION_CONTENT_NOT_ACQUIRED,UNRESOLVED_EDITION_CONTENT_NOT_ACQUIRED,UNRESOLVED_NOT_RECONCILED,,,,false
KH 22,/documents/412,ATTRIBUTED_EXACT_SOURCE_RECORD,SOURCE_REPORTED_PAGE_LOCATOR,3,78,https://cefael.efa.gr/detail.php?site_id=1&actionID=page&serie_id=EtCret&volume_number=21&issue_number=3&sp=78,,[],UNRESOLVED_EDITION_CONTENT_NOT_ACQUIRED,UNRESOLVED_EDITION_CONTENT_NOT_ACQUIRED,UNRESOLVED_NOT_RECONCILED,,,,false
KH 23,/documents/413,ATTRIBUTED_EXACT_SOURCE_RECORD,SOURCE_REPORTED_PAGE_LOCATOR,3,80,https://cefael.efa.gr/detail.php?site_id=1&actionID=page&serie_id=EtCret&volume_number=21&issue_number=3&sp=80,,[],UNRESOLVED_EDITION_CONTENT_NOT_ACQUIRED,UNRESOLVED_EDITION_CONTENT_NOT_ACQUIRED,UNRESOLVED_NOT_RECONCILED,,,,false
KH 24,/documents/414,ATTRIBUTED_EXACT_SOURCE_RECORD,SOURCE_REPORTED_PAGE_LOCATOR,3,80,https://cefael.efa.gr/detail.php?site_id=1&actionID=page&serie_id=EtCret&volume_number=21&issue_number=3&sp=80,,[],UNRESOLVED_EDITION_CONTENT_NOT_ACQUIRED,UNRESOLVED_EDITION_CONTENT_NOT_ACQUIRED,UNRESOLVED_NOT_RECONCILED,,,,false
KH 25,/documents/415,ATTRIBUTED_EXACT_SOURCE_RECORD,SOURCE_REPORTED_PAGE_LOCATOR,3,80,https://cefael.efa.gr/detail.php?site_id=1&actionID=page&serie_id=EtCret&volume_number=21&issue_number=3&sp=80,,[],UNRESOLVED_EDITION_CONTENT_NOT_ACQUIRED,UNRESOLVED_EDITION_CONTENT_NOT_ACQUIRED,UNRESOLVED_NOT_RECONCILED,,,,false
KH 26,/documents/416,ATTRIBUTED_EXACT_SOURCE_RECORD,SOURCE_REPORTED_PAGE_LOCATOR,3,82,https://cefael.efa.gr/detail.php?site_id=1&actionID=page&serie_id=EtCret&volume_number=21&issue_number=3&sp=82,,[],UNRESOLVED_EDITION_CONTENT_NOT_ACQUIRED,UNRESOLVED_EDITION_CONTENT_NOT_ACQUIRED,UNRESOLVED_NOT_RECONCILED,,,,false
KH 27,/documents/417,ATTRIBUTED_EXACT_SOURCE_RECORD,SOURCE_REPORTED_PAGE_LOCATOR,3,82,https://cefael.efa.gr/detail.php?site_id=1&actionID=page&serie_id=EtCret&volume_number=21&issue_number=3&sp=82,,[],UNRESOLVED_EDITION_CONTENT_NOT_ACQUIRED,UNRESOLVED_EDITION_CONTENT_NOT_ACQUIRED,UNRESOLVED_NOT_RECONCILED,,,,false
KH 28,/documents/418,ATTRIBUTED_EXACT_SOURCE_RECORD,SOURCE_REPORTED_PAGE_LOCATOR,3,82,https://cefael.efa.gr/detail.php?site_id=1&actionID=page&serie_id=EtCret&volume_number=21&issue_number=3&sp=82,,[],UNRESOLVED_EDITION_CONTENT_NOT_ACQUIRED,UNRESOLVED_EDITION_CONTENT_NOT_ACQUIRED,UNRESOLVED_NOT_RECONCILED,,,,false
KH 29,/documents/419,ATTRIBUTED_EXACT_SOURCE_RECORD,SOURCE_REPORTED_PAGE_LOCATOR,3,84,https://cefael.efa.gr/detail.php?site_id=1&actionID=page&serie_id=EtCret&volume_number=21&issue_number=3&sp=84,,[],UNRESOLVED_EDITION_CONTENT_NOT_ACQUIRED,UNRESOLVED_EDITION_CONTENT_NOT_ACQUIRED,UNRESOLVED_NOT_RECONCILED,,,,false
KH 3,/documents/420,ATTRIBUTED_EXACT_SOURCE_RECORD,SOURCE_REPORTED_PAGE_LOCATOR,3,46,https://cefael.efa.gr/detail.php?site_id=1&actionID=page&serie_id=EtCret&volume_number=21&issue_number=3&sp=46,,[],UNRESOLVED_EDITION_CONTENT_NOT_ACQUIRED,UNRESOLVED_EDITION_CONTENT_NOT_ACQUIRED,UNRESOLVED_NOT_RECONCILED,,,,false
KH 30,/documents/421,ATTRIBUTED_EXACT_SOURCE_RECORD,SOURCE_REPORTED_PAGE_LOCATOR,3,84,https://cefael.efa.gr/detail.php?site_id=1&actionID=page&serie_id=EtCret&volume_number=21&issue_number=3&sp=84,,[],UNRESOLVED_EDITION_CONTENT_NOT_ACQUIRED,UNRESOLVED_EDITION_CONTENT_NOT_ACQUIRED,UNRESOLVED_NOT_RECONCILED,,,,false
KH 31,/documents/422,ATTRIBUTED_EXACT_SOURCE_RECORD,SOURCE_REPORTED_PAGE_LOCATOR,3,86,https://cefael.efa.gr/detail.php?site_id=1&actionID=page&serie_id=EtCret&volume_number=21&issue_number=3&sp=86,,[],UNRESOLVED_EDITION_CONTENT_NOT_ACQUIRED,UNRESOLVED_EDITION_CONTENT_NOT_ACQUIRED,UNRESOLVED_NOT_RECONCILED,,,,false
KH 32,/documents/423,ATTRIBUTED_EXACT_SOURCE_RECORD,SOURCE_REPORTED_PAGE_LOCATOR,3,86,https://cefael.efa.gr/detail.php?site_id=1&actionID=page&serie_id=EtCret&volume_number=21&issue_number=3&sp=86,,[],UNRESOLVED_EDITION_CONTENT_NOT_ACQUIRED,UNRESOLVED_EDITION_CONTENT_NOT_ACQUIRED,UNRESOLVED_NOT_RECONCILED,,,,false
KH 33,/documents/424,ATTRIBUTED_EXACT_SOURCE_RECORD,SOURCE_REPORTED_PAGE_LOCATOR,3,86,https://cefael.efa.gr/detail.php?site_id=1&actionID=page&serie_id=EtCret&volume_number=21&issue_number=3&sp=86,,[],UNRESOLVED_EDITION_CONTENT_NOT_ACQUIRED,UNRESOLVED_EDITION_CONTENT_NOT_ACQUIRED,UNRESOLVED_NOT_RECONCILED,,,,false
KH 34,/documents/425,ATTRIBUTED_EXACT_SOURCE_RECORD,SOURCE_REPORTED_PAGE_LOCATOR,3,88,https://cefael.efa.gr/detail.php?site_id=1&actionID=page&serie_id=EtCret&volume_number=21&issue_number=3&sp=88,,[],UNRESOLVED_EDITION_CONTENT_NOT_ACQUIRED,UNRESOLVED_EDITION_CONTENT_NOT_ACQUIRED,UNRESOLVED_NOT_RECONCILED,,,,false
KH 35,/documents/426,ATTRIBUTED_EXACT_SOURCE_RECORD,SOURCE_REPORTED_PAGE_LOCATOR,3,88,https://cefael.efa.gr/detail.php?site_id=1&actionID=page&serie_id=EtCret&volume_number=21&issue_number=3&sp=88,,[],UNRESOLVED_EDITION_CONTENT_NOT_ACQUIRED,UNRESOLVED_EDITION_CONTENT_NOT_ACQUIRED,UNRESOLVED_NOT_RECONCILED,,,,false
KH 36,/documents/427,ATTRIBUTED_EXACT_SOURCE_RECORD,SOURCE_REPORTED_PAGE_LOCATOR,3,88,https://cefael.efa.gr/detail.php?site_id=1&actionID=page&serie_id=EtCret&volume_number=21&issue_number=3&sp=88,,[],UNRESOLVED_EDITION_CONTENT_NOT_ACQUIRED,UNRESOLVED_EDITION_CONTENT_NOT_ACQUIRED,UNRESOLVED_NOT_RECONCILED,,,,false
KH 37,/documents/428,ATTRIBUTED_EXACT_SOURCE_RECORD,SOURCE_REPORTED_PAGE_LOCATOR,3,90,https://cefael.efa.gr/detail.php?site_id=1&actionID=page&serie_id=EtCret&volume_number=21&issue_number=3&sp=90,,[],UNRESOLVED_EDITION_CONTENT_NOT_ACQUIRED,UNRESOLVED_EDITION_CONTENT_NOT_ACQUIRED,UNRESOLVED_NOT_RECONCILED,,,,false
KH 38,/documents/429,ATTRIBUTED_EXACT_SOURCE_RECORD,SOURCE_REPORTED_PAGE_LOCATOR,3,90,https://cefael.efa.gr/detail.php?site_id=1&actionID=page&serie_id=EtCret&volume_number=21&issue_number=3&sp=90,,[],UNRESOLVED_EDITION_CONTENT_NOT_ACQUIRED,UNRESOLVED_EDITION_CONTENT_NOT_ACQUIRED,UNRESOLVED_NOT_RECONCILED,,,,false
KH 39,/documents/430,ATTRIBUTED_EXACT_SOURCE_RECORD,SOURCE_REPORTED_PAGE_LOCATOR,3,90,https://cefael.efa.gr/detail.php?site_id=1&actionID=page&serie_id=EtCret&volume_number=21&issue_number=3&sp=90,,[],UNRESOLVED_EDITION_CONTENT_NOT_ACQUIRED,UNRESOLVED_EDITION_CONTENT_NOT_ACQUIRED,UNRESOLVED_NOT_RECONCILED,,,,false
KH 4,/documents/431,ATTRIBUTED_EXACT_SOURCE_RECORD,SOURCE_REPORTED_PAGE_LOCATOR,3,48,https://cefael.efa.gr/detail.php?site_id=1&actionID=page&serie_id=EtCret&volume_number=21&issue_number=3&sp=48,,[],UNRESOLVED_EDITION_CONTENT_NOT_ACQUIRED,UNRESOLVED_EDITION_CONTENT_NOT_ACQUIRED,UNRESOLVED_NOT_RECONCILED,,,,false
KH 40,/documents/432,ATTRIBUTED_EXACT_SOURCE_RECORD,SOURCE_REPORTED_PAGE_LOCATOR,3,92,https://cefael.efa.gr/detail.php?site_id=1&actionID=page&serie_id=EtCret&volume_number=21&issue_number=3&sp=92,,[],UNRESOLVED_EDITION_CONTENT_NOT_ACQUIRED,UNRESOLVED_EDITION_CONTENT_NOT_ACQUIRED,UNRESOLVED_NOT_RECONCILED,,,,false
KH 41,/documents/433,ATTRIBUTED_EXACT_SOURCE_RECORD,SOURCE_REPORTED_PAGE_LOCATOR,3,92,https://cefael.efa.gr/detail.php?site_id=1&actionID=page&serie_id=EtCret&volume_number=21&issue_number=3&sp=92,,[],UNRESOLVED_EDITION_CONTENT_NOT_ACQUIRED,UNRESOLVED_EDITION_CONTENT_NOT_ACQUIRED,UNRESOLVED_NOT_RECONCILED,,,,false
KH 42,/documents/434,ATTRIBUTED_EXACT_SOURCE_RECORD,SOURCE_REPORTED_PAGE_LOCATOR,3,92,https://cefael.efa.gr/detail.php?site_id=1&actionID=page&serie_id=EtCret&volume_number=21&issue_number=3&sp=92,,[],UNRESOLVED_EDITION_CONTENT_NOT_ACQUIRED,UNRESOLVED_EDITION_CONTENT_NOT_ACQUIRED,UNRESOLVED_NOT_RECONCILED,,,,false
KH 43,/documents/435,ATTRIBUTED_EXACT_SOURCE_RECORD,SOURCE_REPORTED_PAGE_LOCATOR,3,94,https://cefael.efa.gr/detail.php?site_id=1&actionID=page&serie_id=EtCret&volume_number=21&issue_number=3&sp=94,,[],UNRESOLVED_EDITION_CONTENT_NOT_ACQUIRED,UNRESOLVED_EDITION_CONTENT_NOT_ACQUIRED,UNRESOLVED_NOT_RECONCILED,,,,false
KH 44,/documents/436,ATTRIBUTED_EXACT_SOURCE_RECORD,SOURCE_REPORTED_PAGE_LOCATOR,3,94,https://cefael.efa.gr/detail.php?site_id=1&actionID=page&serie_id=EtCret&volume_number=21&issue_number=3&sp=94,,[],UNRESOLVED_EDITION_CONTENT_NOT_ACQUIRED,UNRESOLVED_EDITION_CONTENT_NOT_ACQUIRED,UNRESOLVED_NOT_RECONCILED,,,,false
KH 45,/documents/437,ATTRIBUTED_EXACT_SOURCE_RECORD,SOURCE_REPORTED_PAGE_LOCATOR,3,94,https://cefael.efa.gr/detail.php?site_id=1&actionID=page&serie_id=EtCret&volume_number=21&issue_number=3&sp=94,,[],UNRESOLVED_EDITION_CONTENT_NOT_ACQUIRED,UNRESOLVED_EDITION_CONTENT_NOT_ACQUIRED,UNRESOLVED_NOT_RECONCILED,,,,false
KH 46,/documents/438,ATTRIBUTED_EXACT_SOURCE_RECORD,SOURCE_REPORTED_PAGE_LOCATOR,3,96,https://cefael.efa.gr/detail.php?site_id=1&actionID=page&serie_id=EtCret&volume_number=21&issue_number=3&sp=96,,[],UNRESOLVED_EDITION_CONTENT_NOT_ACQUIRED,UNRESOLVED_EDITION_CONTENT_NOT_ACQUIRED,UNRESOLVED_NOT_RECONCILED,,,,false
KH 47,/documents/439,ATTRIBUTED_EXACT_SOURCE_RECORD,SOURCE_REPORTED_PAGE_LOCATOR,3,96,https://cefael.efa.gr/detail.php?site_id=1&actionID=page&serie_id=EtCret&volume_number=21&issue_number=3&sp=96,,[],UNRESOLVED_EDITION_CONTENT_NOT_ACQUIRED,UNRESOLVED_EDITION_CONTENT_NOT_ACQUIRED,UNRESOLVED_NOT_RECONCILED,,,,false
KH 49,/documents/440,ATTRIBUTED_EXACT_SOURCE_RECORD,SOURCE_REPORTED_PAGE_LOCATOR,3,96,https://cefael.efa.gr/detail.php?site_id=1&actionID=page&serie_id=EtCret&volume_number=21&issue_number=3&sp=96,,[],UNRESOLVED_EDITION_CONTENT_NOT_ACQUIRED,UNRESOLVED_EDITION_CONTENT_NOT_ACQUIRED,UNRESOLVED_NOT_RECONCILED,,,,false
KH 5,/documents/441,ATTRIBUTED_EXACT_SOURCE_RECORD,SOURCE_REPORTED_PAGE_LOCATOR,3,48,https://cefael.efa.gr/detail.php?site_id=1&actionID=page&serie_id=EtCret&volume_number=21&issue_number=3&sp=48,,[],UNRESOLVED_EDITION_CONTENT_NOT_ACQUIRED,UNRESOLVED_EDITION_CONTENT_NOT_ACQUIRED,UNRESOLVED_NOT_RECONCILED,,,,false
KH 50,/documents/442,ATTRIBUTED_EXACT_SOURCE_RECORD,SOURCE_REPORTED_PAGE_LOCATOR,3,98,https://cefael.efa.gr/detail.php?site_id=1&actionID=page&serie_id=EtCret&volume_number=21&issue_number=3&sp=98,,[],UNRESOLVED_EDITION_CONTENT_NOT_ACQUIRED,UNRESOLVED_EDITION_CONTENT_NOT_ACQUIRED,UNRESOLVED_NOT_RECONCILED,,,,false
KH 51,/documents/443,ATTRIBUTED_EXACT_SOURCE_RECORD,SOURCE_REPORTED_PAGE_LOCATOR,3,98,https://cefael.efa.gr/detail.php?site_id=1&actionID=page&serie_id=EtCret&volume_number=21&issue_number=3&sp=98,,[],UNRESOLVED_EDITION_CONTENT_NOT_ACQUIRED,UNRESOLVED_EDITION_CONTENT_NOT_ACQUIRED,UNRESOLVED_NOT_RECONCILED,,,,false
KH 52,/documents/444,ATTRIBUTED_EXACT_SOURCE_RECORD,SOURCE_REPORTED_PAGE_LOCATOR,3,98,https://cefael.efa.gr/detail.php?site_id=1&actionID=page&serie_id=EtCret&volume_number=21&issue_number=3&sp=98,,[],UNRESOLVED_EDITION_CONTENT_NOT_ACQUIRED,UNRESOLVED_EDITION_CONTENT_NOT_ACQUIRED,UNRESOLVED_NOT_RECONCILED,,,,false
KH 53,/documents/445,ATTRIBUTED_EXACT_SOURCE_RECORD,SOURCE_REPORTED_PAGE_LOCATOR,3,100,https://cefael.efa.gr/detail.php?site_id=1&actionID=page&serie_id=EtCret&volume_number=21&issue_number=3&sp=100,,[],UNRESOLVED_EDITION_CONTENT_NOT_ACQUIRED,UNRESOLVED_EDITION_CONTENT_NOT_ACQUIRED,UNRESOLVED_NOT_RECONCILED,,,,false
KH 54,/documents/446,ATTRIBUTED_EXACT_SOURCE_RECORD,SOURCE_REPORTED_PAGE_LOCATOR,3,100,https://cefael.efa.gr/detail.php?site_id=1&actionID=page&serie_id=EtCret&volume_number=21&issue_number=3&sp=100,,[],UNRESOLVED_EDITION_CONTENT_NOT_ACQUIRED,UNRESOLVED_EDITION_CONTENT_NOT_ACQUIRED,UNRESOLVED_NOT_RECONCILED,,,,false
KH 55,/documents/447,ATTRIBUTED_EXACT_SOURCE_RECORD,SOURCE_REPORTED_PAGE_LOCATOR,3,100,https://cefael.efa.gr/detail.php?site_id=1&actionID=page&serie_id=EtCret&volume_number=21&issue_number=3&sp=100,,[],UNRESOLVED_EDITION_CONTENT_NOT_ACQUIRED,UNRESOLVED_EDITION_CONTENT_NOT_ACQUIRED,UNRESOLVED_NOT_RECONCILED,,,,false
KH 56,/documents/448,ATTRIBUTED_EXACT_SOURCE_RECORD,SOURCE_REPORTED_PAGE_LOCATOR,3,102,https://cefael.efa.gr/detail.php?site_id=1&actionID=page&serie_id=EtCret&volume_number=21&issue_number=3&sp=102,,[],UNRESOLVED_EDITION_CONTENT_NOT_ACQUIRED,UNRESOLVED_EDITION_CONTENT_NOT_ACQUIRED,UNRESOLVED_NOT_RECONCILED,,,,false
KH 57,/documents/449,ATTRIBUTED_EXACT_SOURCE_RECORD,SOURCE_REPORTED_PAGE_LOCATOR,3,102,https://cefael.efa.gr/detail.php?site_id=1&actionID=page&serie_id=EtCret&volume_number=21&issue_number=3&sp=102,,[],UNRESOLVED_EDITION_CONTENT_NOT_ACQUIRED,UNRESOLVED_EDITION_CONTENT_NOT_ACQUIRED,UNRESOLVED_NOT_RECONCILED,,,,false
KH 58,/documents/450,ATTRIBUTED_EXACT_SOURCE_RECORD,SOURCE_REPORTED_PAGE_LOCATOR,3,104,https://cefael.efa.gr/detail.php?site_id=1&actionID=page&serie_id=EtCret&volume_number=21&issue_number=3&sp=104,,[],UNRESOLVED_EDITION_CONTENT_NOT_ACQUIRED,UNRESOLVED_EDITION_CONTENT_NOT_ACQUIRED,UNRESOLVED_NOT_RECONCILED,,,,false
KH 59,/documents/451,ATTRIBUTED_EXACT_SOURCE_RECORD,SOURCE_REPORTED_PAGE_LOCATOR,3,104,https://cefael.efa.gr/detail.php?site_id=1&actionID=page&serie_id=EtCret&volume_number=21&issue_number=3&sp=104,,[],UNRESOLVED_EDITION_CONTENT_NOT_ACQUIRED,UNRESOLVED_EDITION_CONTENT_NOT_ACQUIRED,UNRESOLVED_NOT_RECONCILED,,,,false
KH 6,/documents/452,ATTRIBUTED_EXACT_SOURCE_RECORD,SOURCE_REPORTED_PAGE_LOCATOR,3,50,https://cefael.efa.gr/detail.php?site_id=1&actionID=page&serie_id=EtCret&volume_number=21&issue_number=3&sp=50,,[],UNRESOLVED_EDITION_CONTENT_NOT_ACQUIRED,UNRESOLVED_EDITION_CONTENT_NOT_ACQUIRED,UNRESOLVED_NOT_RECONCILED,,,,false
KH 60,/documents/453,ATTRIBUTED_EXACT_SOURCE_RECORD,SOURCE_REPORTED_PAGE_LOCATOR,3,106,https://cefael.efa.gr/detail.php?site_id=1&actionID=page&serie_id=EtCret&volume_number=21&issue_number=3&sp=106,,[],UNRESOLVED_EDITION_CONTENT_NOT_ACQUIRED,UNRESOLVED_EDITION_CONTENT_NOT_ACQUIRED,UNRESOLVED_NOT_RECONCILED,,,,false
KH 61,/documents/454,ATTRIBUTED_EXACT_SOURCE_RECORD,SOURCE_REPORTED_PAGE_LOCATOR,3,106,https://cefael.efa.gr/detail.php?site_id=1&actionID=page&serie_id=EtCret&volume_number=21&issue_number=3&sp=106,,[],UNRESOLVED_EDITION_CONTENT_NOT_ACQUIRED,UNRESOLVED_EDITION_CONTENT_NOT_ACQUIRED,UNRESOLVED_NOT_RECONCILED,,,,false
KH 62,/documents/455,ATTRIBUTED_EXACT_SOURCE_RECORD,SOURCE_REPORTED_PAGE_LOCATOR,3,108,https://cefael.efa.gr/detail.php?site_id=1&actionID=page&serie_id=EtCret&volume_number=21&issue_number=3&sp=108,,[],UNRESOLVED_EDITION_CONTENT_NOT_ACQUIRED,UNRESOLVED_EDITION_CONTENT_NOT_ACQUIRED,UNRESOLVED_NOT_RECONCILED,,,,false
KH 63,/documents/456,ATTRIBUTED_EXACT_SOURCE_RECORD,SOURCE_REPORTED_PAGE_LOCATOR,3,108,https://cefael.efa.gr/detail.php?site_id=1&actionID=page&serie_id=EtCret&volume_number=21&issue_number=3&sp=108,,[],UNRESOLVED_EDITION_CONTENT_NOT_ACQUIRED,UNRESOLVED_EDITION_CONTENT_NOT_ACQUIRED,UNRESOLVED_NOT_RECONCILED,,,,false
KH 64,/documents/457,ATTRIBUTED_EXACT_SOURCE_RECORD,SOURCE_REPORTED_PAGE_LOCATOR,3,108,https://cefael.efa.gr/detail.php?site_id=1&actionID=page&serie_id=EtCret&volume_number=21&issue_number=3&sp=108,,[],UNRESOLVED_EDITION_CONTENT_NOT_ACQUIRED,UNRESOLVED_EDITION_CONTENT_NOT_ACQUIRED,UNRESOLVED_NOT_RECONCILED,,,,false
KH 65,/documents/458,ATTRIBUTED_EXACT_SOURCE_RECORD,SOURCE_REPORTED_PAGE_LOCATOR,3,110,https://cefael.efa.gr/detail.php?site_id=1&actionID=page&serie_id=EtCret&volume_number=21&issue_number=3&sp=110,,[],UNRESOLVED_EDITION_CONTENT_NOT_ACQUIRED,UNRESOLVED_EDITION_CONTENT_NOT_ACQUIRED,UNRESOLVED_NOT_RECONCILED,,,,false
KH 66,/documents/459,ATTRIBUTED_EXACT_SOURCE_RECORD,SOURCE_REPORTED_PAGE_LOCATOR,3,110,https://cefael.efa.gr/detail.php?site_id=1&actionID=page&serie_id=EtCret&volume_number=21&issue_number=3&sp=110,,[],UNRESOLVED_EDITION_CONTENT_NOT_ACQUIRED,UNRESOLVED_EDITION_CONTENT_NOT_ACQUIRED,UNRESOLVED_NOT_RECONCILED,,,,false
KH 67,/documents/460,ATTRIBUTED_EXACT_SOURCE_RECORD,SOURCE_REPORTED_PAGE_LOCATOR,3,110,https://cefael.efa.gr/detail.php?site_id=1&actionID=page&serie_id=EtCret&volume_number=21&issue_number=3&sp=110,,[],UNRESOLVED_EDITION_CONTENT_NOT_ACQUIRED,UNRESOLVED_EDITION_CONTENT_NOT_ACQUIRED,UNRESOLVED_NOT_RECONCILED,,,,false
KH 68,/documents/461,ATTRIBUTED_EXACT_SOURCE_RECORD,UNRESOLVED_NO_USABLE_REFERENCE,,,,,[],UNRESOLVED_EDITION_CONTENT_NOT_ACQUIRED,UNRESOLVED_EDITION_CONTENT_NOT_ACQUIRED,UNRESOLVED_NOT_RECONCILED,,,ABSENT,false
KH 69,/documents/462,ATTRIBUTED_EXACT_SOURCE_RECORD,SOURCE_REPORTED_PAGE_LOCATOR,3,112,https://cefael.efa.gr/detail.php?site_id=1&actionID=page&serie_id=EtCret&volume_number=21&issue_number=3&sp=112,,[],UNRESOLVED_EDITION_CONTENT_NOT_ACQUIRED,UNRESOLVED_EDITION_CONTENT_NOT_ACQUIRED,UNRESOLVED_NOT_RECONCILED,,,,false
KH 70,/documents/463,ATTRIBUTED_EXACT_SOURCE_RECORD,SOURCE_REPORTED_PAGE_LOCATOR,3,112,https://cefael.efa.gr/detail.php?site_id=1&actionID=page&serie_id=EtCret&volume_number=21&issue_number=3&sp=112,,[],UNRESOLVED_EDITION_CONTENT_NOT_ACQUIRED,UNRESOLVED_EDITION_CONTENT_NOT_ACQUIRED,UNRESOLVED_NOT_RECONCILED,,,,false
KH 72,/documents/464,ATTRIBUTED_EXACT_SOURCE_RECORD,SOURCE_REPORTED_PAGE_LOCATOR,3,114,https://cefael.efa.gr/detail.php?site_id=1&actionID=page&serie_id=EtCret&volume_number=21&issue_number=3&sp=114,,[],UNRESOLVED_EDITION_CONTENT_NOT_ACQUIRED,UNRESOLVED_EDITION_CONTENT_NOT_ACQUIRED,UNRESOLVED_NOT_RECONCILED,,,,false
KH 73,/documents/465,ATTRIBUTED_EXACT_SOURCE_RECORD,SOURCE_REPORTED_PAGE_LOCATOR,3,114,https://cefael.efa.gr/detail.php?site_id=1&actionID=page&serie_id=EtCret&volume_number=21&issue_number=3&sp=114,,[],UNRESOLVED_EDITION_CONTENT_NOT_ACQUIRED,UNRESOLVED_EDITION_CONTENT_NOT_ACQUIRED,UNRESOLVED_NOT_RECONCILED,,,,false
KH 74,/documents/466,ATTRIBUTED_EXACT_SOURCE_RECORD,PRIMARY_CASE_PAGES_INSPECTED,3,116,https://cefael.efa.gr/detail.php?site_id=1&actionID=page&serie_id=EtCret&volume_number=21&issue_number=3&sp=116,U007,"[{""volume"":3,""printed_page"":93,""viewer_page"":117,""url"":""https://cefael.efa.gr/detail.php?site_id=1&actionID=page&serie_id=EtCret&volume_number=21&issue_number=3&sp=117"",""locally_inspected_page_sha256"":""0fd1abfb4c8084cef4ad106e64fc7b469921b48cac423e0a1c66163f4b9fb437""},{""volume"":3,""printed_page"":92,""viewer_page"":116,""url"":""https://cefael.efa.gr/detail.php?site_id=1&actionID=page&serie_id=EtCret&volume_number=21&issue_number=3&sp=116"",""locally_inspected_page_sha256"":""7ea391623b5544c30eac712f2e3bddbf3a471af561a68468457ee90967de926f""}]",UNRESOLVED_EDITION_CONTENT_NOT_ACQUIRED,UNRESOLVED_EDITION_CONTENT_NOT_ACQUIRED,UNRESOLVED_NOT_RECONCILED,,,,false
KH 75,/documents/467,ATTRIBUTED_EXACT_SOURCE_RECORD,SOURCE_REPORTED_PAGE_LOCATOR,3,116,https://cefael.efa.gr/detail.php?site_id=1&actionID=page&serie_id=EtCret&volume_number=21&issue_number=3&sp=116,,[],UNRESOLVED_EDITION_CONTENT_NOT_ACQUIRED,UNRESOLVED_EDITION_CONTENT_NOT_ACQUIRED,UNRESOLVED_NOT_RECONCILED,,,,false
KH 76,/documents/468,ATTRIBUTED_EXACT_SOURCE_RECORD,SOURCE_REPORTED_PAGE_LOCATOR,3,116,https://cefael.efa.gr/detail.php?site_id=1&actionID=page&serie_id=EtCret&volume_number=21&issue_number=3&sp=116,,[],UNRESOLVED_EDITION_CONTENT_NOT_ACQUIRED,UNRESOLVED_EDITION_CONTENT_NOT_ACQUIRED,UNRESOLVED_NOT_RECONCILED,,,,false
KH 77,/documents/469,ATTRIBUTED_EXACT_SOURCE_RECORD,SOURCE_REPORTED_PAGE_LOCATOR,3,118,https://cefael.efa.gr/detail.php?site_id=1&actionID=page&serie_id=EtCret&volume_number=21&issue_number=3&sp=118,,[],UNRESOLVED_EDITION_CONTENT_NOT_ACQUIRED,UNRESOLVED_EDITION_CONTENT_NOT_ACQUIRED,UNRESOLVED_NOT_RECONCILED,,,,false
KH 78,/documents/470,ATTRIBUTED_EXACT_SOURCE_RECORD,SOURCE_REPORTED_PAGE_LOCATOR,3,118,https://cefael.efa.gr/detail.php?site_id=1&actionID=page&serie_id=EtCret&volume_number=21&issue_number=3&sp=118,,[],UNRESOLVED_EDITION_CONTENT_NOT_ACQUIRED,UNRESOLVED_EDITION_CONTENT_NOT_ACQUIRED,UNRESOLVED_NOT_RECONCILED,,,,false
KH 79,/documents/471,ATTRIBUTED_EXACT_SOURCE_RECORD,SOURCE_REPORTED_PAGE_LOCATOR,3,118,https://cefael.efa.gr/detail.php?site_id=1&actionID=page&serie_id=EtCret&volume_number=21&issue_number=3&sp=118,,[],UNRESOLVED_EDITION_CONTENT_NOT_ACQUIRED,UNRESOLVED_EDITION_CONTENT_NOT_ACQUIRED,UNRESOLVED_NOT_RECONCILED,,,,false
KH 79+89,/documents/472,ATTRIBUTED_EXACT_SOURCE_RECORD,UNRESOLVED_NO_USABLE_REFERENCE,,,,,[],UNRESOLVED_EDITION_CONTENT_NOT_ACQUIRED,UNRESOLVED_EDITION_CONTENT_NOT_ACQUIRED,UNRESOLVED_NOT_RECONCILED,,,ABSENT,false
KH 7a,/documents/473,ATTRIBUTED_EXACT_SOURCE_RECORD,SOURCE_REPORTED_PAGE_LOCATOR,3,52,https://cefael.efa.gr/detail.php?site_id=1&actionID=page&serie_id=EtCret&volume_number=21&issue_number=3&sp=52,,[],UNRESOLVED_EDITION_CONTENT_NOT_ACQUIRED,UNRESOLVED_EDITION_CONTENT_NOT_ACQUIRED,UNRESOLVED_NOT_RECONCILED,,,,false
KH 7b,/documents/474,ATTRIBUTED_EXACT_SOURCE_RECORD,SOURCE_REPORTED_PAGE_LOCATOR,3,54,https://cefael.efa.gr/detail.php?site_id=1&actionID=page&serie_id=EtCret&volume_number=21&issue_number=3&sp=54,,[],UNRESOLVED_EDITION_CONTENT_NOT_ACQUIRED,UNRESOLVED_EDITION_CONTENT_NOT_ACQUIRED,UNRESOLVED_NOT_RECONCILED,,,,false
KH 8,/documents/475,ATTRIBUTED_EXACT_SOURCE_RECORD,PRIMARY_CASE_PAGES_INSPECTED,3,56,https://cefael.efa.gr/detail.php?site_id=1&actionID=page&serie_id=EtCret&volume_number=21&issue_number=3&sp=56,U008,"[{""volume"":3,""printed_page"":33,""viewer_page"":57,""url"":""https://cefael.efa.gr/detail.php?site_id=1&actionID=page&serie_id=EtCret&volume_number=21&issue_number=3&sp=57"",""locally_inspected_page_sha256"":""904b8f53b5735746888f95137236746cb6d3ca7beb0c3096f2a5fad728f95fd0""},{""volume"":3,""printed_page"":32,""viewer_page"":56,""url"":""https://cefael.efa.gr/detail.php?site_id=1&actionID=page&serie_id=EtCret&volume_number=21&issue_number=3&sp=56"",""locally_inspected_page_sha256"":""460a372255381b5d0e56c9fc57170d30558686007ce60692d9401fdcacd32161""}]",UNRESOLVED_EDITION_CONTENT_NOT_ACQUIRED,UNRESOLVED_EDITION_CONTENT_NOT_ACQUIRED,UNRESOLVED_NOT_RECONCILED,,,,false
KH 80,/documents/476,ATTRIBUTED_EXACT_SOURCE_RECORD,SOURCE_REPORTED_PAGE_LOCATOR,3,120,https://cefael.efa.gr/detail.php?site_id=1&actionID=page&serie_id=EtCret&volume_number=21&issue_number=3&sp=120,,[],UNRESOLVED_EDITION_CONTENT_NOT_ACQUIRED,UNRESOLVED_EDITION_CONTENT_NOT_ACQUIRED,UNRESOLVED_NOT_RECONCILED,,,,false
KH 81,/documents/477,ATTRIBUTED_EXACT_SOURCE_RECORD,SOURCE_REPORTED_PAGE_LOCATOR,3,120,https://cefael.efa.gr/detail.php?site_id=1&actionID=page&serie_id=EtCret&volume_number=21&issue_number=3&sp=120,,[],UNRESOLVED_EDITION_CONTENT_NOT_ACQUIRED,UNRESOLVED_EDITION_CONTENT_NOT_ACQUIRED,UNRESOLVED_NOT_RECONCILED,,,,false
KH 82,/documents/478,ATTRIBUTED_EXACT_SOURCE_RECORD,SOURCE_REPORTED_PAGE_LOCATOR,3,120,https://cefael.efa.gr/detail.php?site_id=1&actionID=page&serie_id=EtCret&volume_number=21&issue_number=3&sp=120,,[],UNRESOLVED_EDITION_CONTENT_NOT_ACQUIRED,UNRESOLVED_EDITION_CONTENT_NOT_ACQUIRED,UNRESOLVED_NOT_RECONCILED,,,,false
KH 83,/documents/479,ATTRIBUTED_EXACT_SOURCE_RECORD,SOURCE_REPORTED_PAGE_LOCATOR,3,122,https://cefael.efa.gr/detail.php?site_id=1&actionID=page&serie_id=EtCret&volume_number=21&issue_number=3&sp=122,,[],UNRESOLVED_EDITION_CONTENT_NOT_ACQUIRED,UNRESOLVED_EDITION_CONTENT_NOT_ACQUIRED,UNRESOLVED_NOT_RECONCILED,,,,false
KH 84,/documents/480,ATTRIBUTED_EXACT_SOURCE_RECORD,SOURCE_REPORTED_PAGE_LOCATOR,3,122,https://cefael.efa.gr/detail.php?site_id=1&actionID=page&serie_id=EtCret&volume_number=21&issue_number=3&sp=122,,[],UNRESOLVED_EDITION_CONTENT_NOT_ACQUIRED,UNRESOLVED_EDITION_CONTENT_NOT_ACQUIRED,UNRESOLVED_NOT_RECONCILED,,,,false
KH 85,/documents/481,ATTRIBUTED_EXACT_SOURCE_RECORD,SOURCE_REPORTED_PAGE_LOCATOR,3,122,https://cefael.efa.gr/detail.php?site_id=1&actionID=page&serie_id=EtCret&volume_number=21&issue_number=3&sp=122,,[],UNRESOLVED_EDITION_CONTENT_NOT_ACQUIRED,UNRESOLVED_EDITION_CONTENT_NOT_ACQUIRED,UNRESOLVED_NOT_RECONCILED,,,,false
KH 86,/documents/482,ATTRIBUTED_EXACT_SOURCE_RECORD,SOURCE_REPORTED_PAGE_LOCATOR,3,124,https://cefael.efa.gr/detail.php?site_id=1&actionID=page&serie_id=EtCret&volume_number=21&issue_number=3&sp=124,,[],UNRESOLVED_EDITION_CONTENT_NOT_ACQUIRED,UNRESOLVED_EDITION_CONTENT_NOT_ACQUIRED,UNRESOLVED_NOT_RECONCILED,,,,false
KH 88,/documents/483,ATTRIBUTED_EXACT_SOURCE_RECORD,SOURCE_REPORTED_PAGE_LOCATOR,5,92,https://cefael.efa.gr/detail.php?site_id=1&actionID=page&serie_id=EtCret&volume_number=21&issue_number=5&sp=92,,[],UNRESOLVED_EDITION_CONTENT_NOT_ACQUIRED,UNRESOLVED_EDITION_CONTENT_NOT_ACQUIRED,UNRESOLVED_NOT_RECONCILED,,,,false
KH 9,/documents/484,ATTRIBUTED_EXACT_SOURCE_RECORD,SOURCE_REPORTED_PAGE_LOCATOR,3,58,https://cefael.efa.gr/detail.php?site_id=1&actionID=page&serie_id=EtCret&volume_number=21&issue_number=3&sp=58,,[],UNRESOLVED_EDITION_CONTENT_NOT_ACQUIRED,UNRESOLVED_EDITION_CONTENT_NOT_ACQUIRED,UNRESOLVED_NOT_RECONCILED,,,,false
KH 90,/documents/485,ATTRIBUTED_EXACT_SOURCE_RECORD,SOURCE_REPORTED_PAGE_LOCATOR,5,94,https://cefael.efa.gr/detail.php?site_id=1&actionID=page&serie_id=EtCret&volume_number=21&issue_number=5&sp=94,,[],UNRESOLVED_EDITION_CONTENT_NOT_ACQUIRED,UNRESOLVED_EDITION_CONTENT_NOT_ACQUIRED,UNRESOLVED_NOT_RECONCILED,,,,false
KH 91,/documents/486,ATTRIBUTED_EXACT_SOURCE_RECORD,SOURCE_REPORTED_PAGE_LOCATOR,5,96,https://cefael.efa.gr/detail.php?site_id=1&actionID=page&serie_id=EtCret&volume_number=21&issue_number=5&sp=96,,[],UNRESOLVED_EDITION_CONTENT_NOT_ACQUIRED,UNRESOLVED_EDITION_CONTENT_NOT_ACQUIRED,UNRESOLVED_NOT_RECONCILED,,,,false
KH 92,/documents/487,ATTRIBUTED_EXACT_SOURCE_RECORD,UNRESOLVED_NO_USABLE_REFERENCE,,,,,[],UNRESOLVED_EDITION_CONTENT_NOT_ACQUIRED,UNRESOLVED_EDITION_CONTENT_NOT_ACQUIRED,UNRESOLVED_NOT_RECONCILED,,,ABSENT,false
KH 93a,/documents/488,ATTRIBUTED_EXACT_SOURCE_RECORD,SOURCE_POINTS_TO_LATER_EDITION,,,,,[],UNRESOLVED_EDITION_CONTENT_NOT_ACQUIRED,UNRESOLVED_EDITION_CONTENT_NOT_ACQUIRED,SOURCE_REPORTED_PUBLICATION_SECTION_CANDIDATE,https://editions.efa.gr/?r=publication&id=1050,13,,false
KH 93b,/documents/489,ATTRIBUTED_EXACT_SOURCE_RECORD,SOURCE_POINTS_TO_LATER_EDITION,,,,,[],UNRESOLVED_EDITION_CONTENT_NOT_ACQUIRED,UNRESOLVED_EDITION_CONTENT_NOT_ACQUIRED,SOURCE_REPORTED_PUBLICATION_SECTION_CANDIDATE,https://editions.efa.gr/?r=publication&id=1050,13,,false
KH 94,/documents/490,ATTRIBUTED_EXACT_SOURCE_RECORD,UNRESOLVED_NO_USABLE_REFERENCE,,,,,[],UNRESOLVED_EDITION_CONTENT_NOT_ACQUIRED,UNRESOLVED_EDITION_CONTENT_NOT_ACQUIRED,UNRESOLVED_NOT_RECONCILED,,,ABSENT,false
KH 95,/documents/491,ATTRIBUTED_EXACT_SOURCE_RECORD,UNRESOLVED_NO_USABLE_REFERENCE,,,,,[],UNRESOLVED_EDITION_CONTENT_NOT_ACQUIRED,UNRESOLVED_EDITION_CONTENT_NOT_ACQUIRED,UNRESOLVED_NOT_RECONCILED,,,ABSENT,false
KH 96,/documents/492,ATTRIBUTED_EXACT_SOURCE_RECORD,UNRESOLVED_NO_USABLE_REFERENCE,,,,,[],UNRESOLVED_EDITION_CONTENT_NOT_ACQUIRED,UNRESOLVED_EDITION_CONTENT_NOT_ACQUIRED,UNRESOLVED_NOT_RECONCILED,,,ABSENT,false
KH 97,/documents/493,ATTRIBUTED_EXACT_SOURCE_RECORD,SOURCE_REPORTED_PAGE_LOCATOR,3,124,https://cefael.efa.gr/detail.php?site_id=1&actionID=page&serie_id=EtCret&volume_number=21&issue_number=3&sp=124,,[],UNRESOLVED_EDITION_CONTENT_NOT_ACQUIRED,UNRESOLVED_EDITION_CONTENT_NOT_ACQUIRED,UNRESOLVED_NOT_RECONCILED,,,,false
KH 97a,/documents/494,ATTRIBUTED_EXACT_SOURCE_RECORD,UNRESOLVED_NO_USABLE_REFERENCE,,,,,[],UNRESOLVED_EDITION_CONTENT_NOT_ACQUIRED,UNRESOLVED_EDITION_CONTENT_NOT_ACQUIRED,UNRESOLVED_NOT_RECONCILED,,,ABSENT,false
KH 97b,/documents/495,ATTRIBUTED_EXACT_SOURCE_RECORD,UNRESOLVED_NO_USABLE_REFERENCE,,,,,[],UNRESOLVED_EDITION_CONTENT_NOT_ACQUIRED,UNRESOLVED_EDITION_CONTENT_NOT_ACQUIRED,UNRESOLVED_NOT_RECONCILED,,,ABSENT,false
KH 99,/documents/496,ATTRIBUTED_EXACT_SOURCE_RECORD,UNRESOLVED_NO_USABLE_REFERENCE,,,,,[],UNRESOLVED_EDITION_CONTENT_NOT_ACQUIRED,UNRESOLVED_EDITION_CONTENT_NOT_ACQUIRED,UNRESOLVED_NOT_RECONCILED,,,ABSENT,false
KH Wa 1001α,/documents/497,ATTRIBUTED_EXACT_SOURCE_RECORD,SOURCE_REPORTED_PAGE_LOCATOR,3,128,https://cefael.efa.gr/detail.php?site_id=1&actionID=page&serie_id=EtCret&volume_number=21&issue_number=3&sp=128,,[],UNRESOLVED_EDITION_CONTENT_NOT_ACQUIRED,UNRESOLVED_EDITION_CONTENT_NOT_ACQUIRED,UNRESOLVED_NOT_RECONCILED,,,,false
KH Wa 1001γ,/documents/498,ATTRIBUTED_EXACT_SOURCE_RECORD,SOURCE_REPORTED_PAGE_LOCATOR,3,128,https://cefael.efa.gr/detail.php?site_id=1&actionID=page&serie_id=EtCret&volume_number=21&issue_number=3&sp=128,,[],UNRESOLVED_EDITION_CONTENT_NOT_ACQUIRED,UNRESOLVED_EDITION_CONTENT_NOT_ACQUIRED,UNRESOLVED_NOT_RECONCILED,,,,false
KH Wa 1002α,/documents/499,ATTRIBUTED_EXACT_SOURCE_RECORD,SOURCE_REPORTED_PAGE_LOCATOR,3,128,https://cefael.efa.gr/detail.php?site_id=1&actionID=page&serie_id=EtCret&volume_number=21&issue_number=3&sp=128,,[],UNRESOLVED_EDITION_CONTENT_NOT_ACQUIRED,UNRESOLVED_EDITION_CONTENT_NOT_ACQUIRED,UNRESOLVED_NOT_RECONCILED,,,,false
KH Wa 1002γ,/documents/500,ATTRIBUTED_EXACT_SOURCE_RECORD,SOURCE_REPORTED_PAGE_LOCATOR,3,128,https://cefael.efa.gr/detail.php?site_id=1&actionID=page&serie_id=EtCret&volume_number=21&issue_number=3&sp=128,,[],UNRESOLVED_EDITION_CONTENT_NOT_ACQUIRED,UNRESOLVED_EDITION_CONTENT_NOT_ACQUIRED,UNRESOLVED_NOT_RECONCILED,,,,false
KH Wa 1003,/documents/501,ATTRIBUTED_EXACT_SOURCE_RECORD,SOURCE_REPORTED_PAGE_LOCATOR,3,129,https://cefael.efa.gr/detail.php?site_id=1&actionID=page&serie_id=EtCret&volume_number=21&issue_number=3&sp=129,,[],UNRESOLVED_EDITION_CONTENT_NOT_ACQUIRED,UNRESOLVED_EDITION_CONTENT_NOT_ACQUIRED,UNRESOLVED_NOT_RECONCILED,,,,false
KH Wa 1004,/documents/502,ATTRIBUTED_EXACT_SOURCE_RECORD,SOURCE_REPORTED_PAGE_LOCATOR,3,129,https://cefael.efa.gr/detail.php?site_id=1&actionID=page&serie_id=EtCret&volume_number=21&issue_number=3&sp=129,,[],UNRESOLVED_EDITION_CONTENT_NOT_ACQUIRED,UNRESOLVED_EDITION_CONTENT_NOT_ACQUIRED,UNRESOLVED_NOT_RECONCILED,,,,false
KH Wa 1005,/documents/503,ATTRIBUTED_EXACT_SOURCE_RECORD,SOURCE_REPORTED_PAGE_LOCATOR,3,129,https://cefael.efa.gr/detail.php?site_id=1&actionID=page&serie_id=EtCret&volume_number=21&issue_number=3&sp=129,,[],UNRESOLVED_EDITION_CONTENT_NOT_ACQUIRED,UNRESOLVED_EDITION_CONTENT_NOT_ACQUIRED,UNRESOLVED_NOT_RECONCILED,,,,false
KH Wa 1006,/documents/504,ATTRIBUTED_EXACT_SOURCE_RECORD,SOURCE_REPORTED_PAGE_LOCATOR,3,130,https://cefael.efa.gr/detail.php?site_id=1&actionID=page&serie_id=EtCret&volume_number=21&issue_number=3&sp=130,,[],UNRESOLVED_EDITION_CONTENT_NOT_ACQUIRED,UNRESOLVED_EDITION_CONTENT_NOT_ACQUIRED,UNRESOLVED_NOT_RECONCILED,,,,false
KH Wa 1007,/documents/505,ATTRIBUTED_EXACT_SOURCE_RECORD,SOURCE_REPORTED_PAGE_LOCATOR,3,130,https://cefael.efa.gr/detail.php?site_id=1&actionID=page&serie_id=EtCret&volume_number=21&issue_number=3&sp=130,,[],UNRESOLVED_EDITION_CONTENT_NOT_ACQUIRED,UNRESOLVED_EDITION_CONTENT_NOT_ACQUIRED,UNRESOLVED_NOT_RECONCILED,,,,false
KH Wa 1008,/documents/506,ATTRIBUTED_EXACT_SOURCE_RECORD,SOURCE_REPORTED_PAGE_LOCATOR,3,130,https://cefael.efa.gr/detail.php?site_id=1&actionID=page&serie_id=EtCret&volume_number=21&issue_number=3&sp=130,,[],UNRESOLVED_EDITION_CONTENT_NOT_ACQUIRED,UNRESOLVED_EDITION_CONTENT_NOT_ACQUIRED,UNRESOLVED_NOT_RECONCILED,,,,false
KH Wa 1009,/documents/507,ATTRIBUTED_EXACT_SOURCE_RECORD,SOURCE_REPORTED_PAGE_LOCATOR,3,131,https://cefael.efa.gr/detail.php?site_id=1&actionID=page&serie_id=EtCret&volume_number=21&issue_number=3&sp=131,,[],UNRESOLVED_EDITION_CONTENT_NOT_ACQUIRED,UNRESOLVED_EDITION_CONTENT_NOT_ACQUIRED,UNRESOLVED_NOT_RECONCILED,,,,false
KH Wa 1010,/documents/508,ATTRIBUTED_EXACT_SOURCE_RECORD,SOURCE_REPORTED_PAGE_LOCATOR,3,131,https://cefael.efa.gr/detail.php?site_id=1&actionID=page&serie_id=EtCret&volume_number=21&issue_number=3&sp=131,,[],UNRESOLVED_EDITION_CONTENT_NOT_ACQUIRED,UNRESOLVED_EDITION_CONTENT_NOT_ACQUIRED,UNRESOLVED_NOT_RECONCILED,,,,false
KH Wa 1011,/documents/509,ATTRIBUTED_EXACT_SOURCE_RECORD,SOURCE_REPORTED_PAGE_LOCATOR,3,131,https://cefael.efa.gr/detail.php?site_id=1&actionID=page&serie_id=EtCret&volume_number=21&issue_number=3&sp=131,,[],UNRESOLVED_EDITION_CONTENT_NOT_ACQUIRED,UNRESOLVED_EDITION_CONTENT_NOT_ACQUIRED,UNRESOLVED_NOT_RECONCILED,,,,false
KH Wa 1012,/documents/510,ATTRIBUTED_EXACT_SOURCE_RECORD,SOURCE_REPORTED_PAGE_LOCATOR,3,132,https://cefael.efa.gr/detail.php?site_id=1&actionID=page&serie_id=EtCret&volume_number=21&issue_number=3&sp=132,,[],UNRESOLVED_EDITION_CONTENT_NOT_ACQUIRED,UNRESOLVED_EDITION_CONTENT_NOT_ACQUIRED,UNRESOLVED_NOT_RECONCILED,,,,false
KH Wa 1013α,/documents/511,ATTRIBUTED_EXACT_SOURCE_RECORD,SOURCE_REPORTED_PAGE_LOCATOR,3,132,https://cefael.efa.gr/detail.php?site_id=1&actionID=page&serie_id=EtCret&volume_number=21&issue_number=3&sp=132,,[],UNRESOLVED_EDITION_CONTENT_NOT_ACQUIRED,UNRESOLVED_EDITION_CONTENT_NOT_ACQUIRED,UNRESOLVED_NOT_RECONCILED,,,,false
KH Wa 1013γ,/documents/512,ATTRIBUTED_EXACT_SOURCE_RECORD,SOURCE_REPORTED_PAGE_LOCATOR,3,132,https://cefael.efa.gr/detail.php?site_id=1&actionID=page&serie_id=EtCret&volume_number=21&issue_number=3&sp=132,,[],UNRESOLVED_EDITION_CONTENT_NOT_ACQUIRED,UNRESOLVED_EDITION_CONTENT_NOT_ACQUIRED,UNRESOLVED_NOT_RECONCILED,,,,false
KH Wa 1014α,/documents/513,ATTRIBUTED_EXACT_SOURCE_RECORD,SOURCE_REPORTED_PAGE_LOCATOR,3,133,https://cefael.efa.gr/detail.php?site_id=1&actionID=page&serie_id=EtCret&volume_number=21&issue_number=3&sp=133,,[],UNRESOLVED_EDITION_CONTENT_NOT_ACQUIRED,UNRESOLVED_EDITION_CONTENT_NOT_ACQUIRED,UNRESOLVED_NOT_RECONCILED,,,,false
KH Wa 1014γ,/documents/514,ATTRIBUTED_EXACT_SOURCE_RECORD,SOURCE_REPORTED_PAGE_LOCATOR,3,133,https://cefael.efa.gr/detail.php?site_id=1&actionID=page&serie_id=EtCret&volume_number=21&issue_number=3&sp=133,,[],UNRESOLVED_EDITION_CONTENT_NOT_ACQUIRED,UNRESOLVED_EDITION_CONTENT_NOT_ACQUIRED,UNRESOLVED_NOT_RECONCILED,,,,false
KH Wa 1015α,/documents/515,ATTRIBUTED_EXACT_SOURCE_RECORD,SOURCE_REPORTED_PAGE_LOCATOR,3,133,https://cefael.efa.gr/detail.php?site_id=1&actionID=page&serie_id=EtCret&volume_number=21&issue_number=3&sp=133,,[],UNRESOLVED_EDITION_CONTENT_NOT_ACQUIRED,UNRESOLVED_EDITION_CONTENT_NOT_ACQUIRED,UNRESOLVED_NOT_RECONCILED,,,,false
KH Wa 1015γ,/documents/516,ATTRIBUTED_EXACT_SOURCE_RECORD,SOURCE_REPORTED_PAGE_LOCATOR,3,133,https://cefael.efa.gr/detail.php?site_id=1&actionID=page&serie_id=EtCret&volume_number=21&issue_number=3&sp=133,,[],UNRESOLVED_EDITION_CONTENT_NOT_ACQUIRED,UNRESOLVED_EDITION_CONTENT_NOT_ACQUIRED,UNRESOLVED_NOT_RECONCILED,,,,false
KH Wa 1016α,/documents/517,ATTRIBUTED_EXACT_SOURCE_RECORD,SOURCE_REPORTED_PAGE_LOCATOR,3,134,https://cefael.efa.gr/detail.php?site_id=1&actionID=page&serie_id=EtCret&volume_number=21&issue_number=3&sp=134,,[],UNRESOLVED_EDITION_CONTENT_NOT_ACQUIRED,UNRESOLVED_EDITION_CONTENT_NOT_ACQUIRED,UNRESOLVED_NOT_RECONCILED,,,,false
KH Wa 1016γ,/documents/518,ATTRIBUTED_EXACT_SOURCE_RECORD,SOURCE_REPORTED_PAGE_LOCATOR,3,134,https://cefael.efa.gr/detail.php?site_id=1&actionID=page&serie_id=EtCret&volume_number=21&issue_number=3&sp=134,,[],UNRESOLVED_EDITION_CONTENT_NOT_ACQUIRED,UNRESOLVED_EDITION_CONTENT_NOT_ACQUIRED,UNRESOLVED_NOT_RECONCILED,,,,false
KH Wa 1017,/documents/519,ATTRIBUTED_EXACT_SOURCE_RECORD,SOURCE_REPORTED_PAGE_LOCATOR,3,134,https://cefael.efa.gr/detail.php?site_id=1&actionID=page&serie_id=EtCret&volume_number=21&issue_number=3&sp=134,,[],UNRESOLVED_EDITION_CONTENT_NOT_ACQUIRED,UNRESOLVED_EDITION_CONTENT_NOT_ACQUIRED,UNRESOLVED_NOT_RECONCILED,,,,false
KH Wa 1018,/documents/520,ATTRIBUTED_EXACT_SOURCE_RECORD,SOURCE_REPORTED_PAGE_LOCATOR,3,135,https://cefael.efa.gr/detail.php?site_id=1&actionID=page&serie_id=EtCret&volume_number=21&issue_number=3&sp=135,,[],UNRESOLVED_EDITION_CONTENT_NOT_ACQUIRED,UNRESOLVED_EDITION_CONTENT_NOT_ACQUIRED,UNRESOLVED_NOT_RECONCILED,,,,false
KH Wa 1019,/documents/521,ATTRIBUTED_EXACT_SOURCE_RECORD,SOURCE_REPORTED_PAGE_LOCATOR,3,135,https://cefael.efa.gr/detail.php?site_id=1&actionID=page&serie_id=EtCret&volume_number=21&issue_number=3&sp=135,,[],UNRESOLVED_EDITION_CONTENT_NOT_ACQUIRED,UNRESOLVED_EDITION_CONTENT_NOT_ACQUIRED,UNRESOLVED_NOT_RECONCILED,,,,false
KH Wa 1020,/documents/522,ATTRIBUTED_EXACT_SOURCE_RECORD,SOURCE_REPORTED_PAGE_LOCATOR,3,135,https://cefael.efa.gr/detail.php?site_id=1&actionID=page&serie_id=EtCret&volume_number=21&issue_number=3&sp=135,,[],UNRESOLVED_EDITION_CONTENT_NOT_ACQUIRED,UNRESOLVED_EDITION_CONTENT_NOT_ACQUIRED,UNRESOLVED_NOT_RECONCILED,,,,false
KH Wc 2001,/documents/523,ATTRIBUTED_EXACT_SOURCE_RECORD,SOURCE_REPORTED_PAGE_LOCATOR,3,138,https://cefael.efa.gr/detail.php?site_id=1&actionID=page&serie_id=EtCret&volume_number=21&issue_number=3&sp=138,,[],UNRESOLVED_EDITION_CONTENT_NOT_ACQUIRED,UNRESOLVED_EDITION_CONTENT_NOT_ACQUIRED,UNRESOLVED_NOT_RECONCILED,,,,false
KH Wc 2002,/documents/524,ATTRIBUTED_EXACT_SOURCE_RECORD,SOURCE_REPORTED_PAGE_LOCATOR,3,138,https://cefael.efa.gr/detail.php?site_id=1&actionID=page&serie_id=EtCret&volume_number=21&issue_number=3&sp=138,,[],UNRESOLVED_EDITION_CONTENT_NOT_ACQUIRED,UNRESOLVED_EDITION_CONTENT_NOT_ACQUIRED,UNRESOLVED_NOT_RECONCILED,,,,false
KH Wc 2004,/documents/525,ATTRIBUTED_EXACT_SOURCE_RECORD,SOURCE_REPORTED_PAGE_LOCATOR,3,139,https://cefael.efa.gr/detail.php?site_id=1&actionID=page&serie_id=EtCret&volume_number=21&issue_number=3&sp=139,,[],UNRESOLVED_EDITION_CONTENT_NOT_ACQUIRED,UNRESOLVED_EDITION_CONTENT_NOT_ACQUIRED,UNRESOLVED_NOT_RECONCILED,,,,false
KH Wc 2005,/documents/526,ATTRIBUTED_EXACT_SOURCE_RECORD,SOURCE_REPORTED_PAGE_LOCATOR,3,139,https://cefael.efa.gr/detail.php?site_id=1&actionID=page&serie_id=EtCret&volume_number=21&issue_number=3&sp=139,,[],UNRESOLVED_EDITION_CONTENT_NOT_ACQUIRED,UNRESOLVED_EDITION_CONTENT_NOT_ACQUIRED,UNRESOLVED_NOT_RECONCILED,,,,false
KH Wc 2006,/documents/527,ATTRIBUTED_EXACT_SOURCE_RECORD,SOURCE_REPORTED_PAGE_LOCATOR,3,140,https://cefael.efa.gr/detail.php?site_id=1&actionID=page&serie_id=EtCret&volume_number=21&issue_number=3&sp=140,,[],UNRESOLVED_EDITION_CONTENT_NOT_ACQUIRED,UNRESOLVED_EDITION_CONTENT_NOT_ACQUIRED,UNRESOLVED_NOT_RECONCILED,,,,false
KH Wc 2007,/documents/528,ATTRIBUTED_EXACT_SOURCE_RECORD,SOURCE_REPORTED_PAGE_LOCATOR,3,140,https://cefael.efa.gr/detail.php?site_id=1&actionID=page&serie_id=EtCret&volume_number=21&issue_number=3&sp=140,,[],UNRESOLVED_EDITION_CONTENT_NOT_ACQUIRED,UNRESOLVED_EDITION_CONTENT_NOT_ACQUIRED,UNRESOLVED_NOT_RECONCILED,,,,false
KH Wc 2008,/documents/529,ATTRIBUTED_EXACT_SOURCE_RECORD,SOURCE_REPORTED_PAGE_LOCATOR,3,140,https://cefael.efa.gr/detail.php?site_id=1&actionID=page&serie_id=EtCret&volume_number=21&issue_number=3&sp=140,,[],UNRESOLVED_EDITION_CONTENT_NOT_ACQUIRED,UNRESOLVED_EDITION_CONTENT_NOT_ACQUIRED,UNRESOLVED_NOT_RECONCILED,,,,false
KH Wc 2009,/documents/530,ATTRIBUTED_EXACT_SOURCE_RECORD,SOURCE_REPORTED_PAGE_LOCATOR,3,141,https://cefael.efa.gr/detail.php?site_id=1&actionID=page&serie_id=EtCret&volume_number=21&issue_number=3&sp=141,,[],UNRESOLVED_EDITION_CONTENT_NOT_ACQUIRED,UNRESOLVED_EDITION_CONTENT_NOT_ACQUIRED,UNRESOLVED_NOT_RECONCILED,,,,false
KH Wc 2010,/documents/531,ATTRIBUTED_EXACT_SOURCE_RECORD,SOURCE_REPORTED_PAGE_LOCATOR,3,141,https://cefael.efa.gr/detail.php?site_id=1&actionID=page&serie_id=EtCret&volume_number=21&issue_number=3&sp=141,,[],UNRESOLVED_EDITION_CONTENT_NOT_ACQUIRED,UNRESOLVED_EDITION_CONTENT_NOT_ACQUIRED,UNRESOLVED_NOT_RECONCILED,,,,false
KH Wc 2011,/documents/532,ATTRIBUTED_EXACT_SOURCE_RECORD,SOURCE_REPORTED_PAGE_LOCATOR,3,142,https://cefael.efa.gr/detail.php?site_id=1&actionID=page&serie_id=EtCret&volume_number=21&issue_number=3&sp=142,,[],UNRESOLVED_EDITION_CONTENT_NOT_ACQUIRED,UNRESOLVED_EDITION_CONTENT_NOT_ACQUIRED,UNRESOLVED_NOT_RECONCILED,,,,false
KH Wc 2012,/documents/533,ATTRIBUTED_EXACT_SOURCE_RECORD,SOURCE_REPORTED_PAGE_LOCATOR,3,142,https://cefael.efa.gr/detail.php?site_id=1&actionID=page&serie_id=EtCret&volume_number=21&issue_number=3&sp=142,,[],UNRESOLVED_EDITION_CONTENT_NOT_ACQUIRED,UNRESOLVED_EDITION_CONTENT_NOT_ACQUIRED,UNRESOLVED_NOT_RECONCILED,,,,false
KH Wc 2013,/documents/534,ATTRIBUTED_EXACT_SOURCE_RECORD,SOURCE_REPORTED_PAGE_LOCATOR,3,142,https://cefael.efa.gr/detail.php?site_id=1&actionID=page&serie_id=EtCret&volume_number=21&issue_number=3&sp=142,,[],UNRESOLVED_EDITION_CONTENT_NOT_ACQUIRED,UNRESOLVED_EDITION_CONTENT_NOT_ACQUIRED,UNRESOLVED_NOT_RECONCILED,,,,false
KH Wc 2014,/documents/535,ATTRIBUTED_EXACT_SOURCE_RECORD,SOURCE_REPORTED_PAGE_LOCATOR,3,143,https://cefael.efa.gr/detail.php?site_id=1&actionID=page&serie_id=EtCret&volume_number=21&issue_number=3&sp=143,,[],UNRESOLVED_EDITION_CONTENT_NOT_ACQUIRED,UNRESOLVED_EDITION_CONTENT_NOT_ACQUIRED,UNRESOLVED_NOT_RECONCILED,,,,false
KH Wc 2015,/documents/536,ATTRIBUTED_EXACT_SOURCE_RECORD,SOURCE_REPORTED_PAGE_LOCATOR,3,143,https://cefael.efa.gr/detail.php?site_id=1&actionID=page&serie_id=EtCret&volume_number=21&issue_number=3&sp=143,,[],UNRESOLVED_EDITION_CONTENT_NOT_ACQUIRED,UNRESOLVED_EDITION_CONTENT_NOT_ACQUIRED,UNRESOLVED_NOT_RECONCILED,,,,false
KH Wc 2016,/documents/537,ATTRIBUTED_EXACT_SOURCE_RECORD,SOURCE_REPORTED_PAGE_LOCATOR,3,143,https://cefael.efa.gr/detail.php?site_id=1&actionID=page&serie_id=EtCret&volume_number=21&issue_number=3&sp=143,,[],UNRESOLVED_EDITION_CONTENT_NOT_ACQUIRED,UNRESOLVED_EDITION_CONTENT_NOT_ACQUIRED,UNRESOLVED_NOT_RECONCILED,,,,false
KH Wc 2017,/documents/538,ATTRIBUTED_EXACT_SOURCE_RECORD,SOURCE_REPORTED_PAGE_LOCATOR,3,144,https://cefael.efa.gr/detail.php?site_id=1&actionID=page&serie_id=EtCret&volume_number=21&issue_number=3&sp=144,,[],UNRESOLVED_EDITION_CONTENT_NOT_ACQUIRED,UNRESOLVED_EDITION_CONTENT_NOT_ACQUIRED,UNRESOLVED_NOT_RECONCILED,,,,false
KH Wc 2018,/documents/539,ATTRIBUTED_EXACT_SOURCE_RECORD,SOURCE_REPORTED_PAGE_LOCATOR,3,144,https://cefael.efa.gr/detail.php?site_id=1&actionID=page&serie_id=EtCret&volume_number=21&issue_number=3&sp=144,,[],UNRESOLVED_EDITION_CONTENT_NOT_ACQUIRED,UNRESOLVED_EDITION_CONTENT_NOT_ACQUIRED,UNRESOLVED_NOT_RECONCILED,,,,false
KH Wc 2019,/documents/540,ATTRIBUTED_EXACT_SOURCE_RECORD,SOURCE_REPORTED_PAGE_LOCATOR,3,145,https://cefael.efa.gr/detail.php?site_id=1&actionID=page&serie_id=EtCret&volume_number=21&issue_number=3&sp=145,,[],UNRESOLVED_EDITION_CONTENT_NOT_ACQUIRED,UNRESOLVED_EDITION_CONTENT_NOT_ACQUIRED,UNRESOLVED_NOT_RECONCILED,,,,false
KH Wc 2020,/documents/541,ATTRIBUTED_EXACT_SOURCE_RECORD,SOURCE_REPORTED_PAGE_LOCATOR,3,145,https://cefael.efa.gr/detail.php?site_id=1&actionID=page&serie_id=EtCret&volume_number=21&issue_number=3&sp=145,,[],UNRESOLVED_EDITION_CONTENT_NOT_ACQUIRED,UNRESOLVED_EDITION_CONTENT_NOT_ACQUIRED,UNRESOLVED_NOT_RECONCILED,,,,false
KH Wc 2021,/documents/542,ATTRIBUTED_EXACT_SOURCE_RECORD,SOURCE_REPORTED_PAGE_LOCATOR,3,146,https://cefael.efa.gr/detail.php?site_id=1&actionID=page&serie_id=EtCret&volume_number=21&issue_number=3&sp=146,,[],UNRESOLVED_EDITION_CONTENT_NOT_ACQUIRED,UNRESOLVED_EDITION_CONTENT_NOT_ACQUIRED,UNRESOLVED_NOT_RECONCILED,,,,false
KH Wc 2022,/documents/543,ATTRIBUTED_EXACT_SOURCE_RECORD,SOURCE_REPORTED_PAGE_LOCATOR,3,146,https://cefael.efa.gr/detail.php?site_id=1&actionID=page&serie_id=EtCret&volume_number=21&issue_number=3&sp=146,,[],UNRESOLVED_EDITION_CONTENT_NOT_ACQUIRED,UNRESOLVED_EDITION_CONTENT_NOT_ACQUIRED,UNRESOLVED_NOT_RECONCILED,,,,false
KH Wc 2023,/documents/544,ATTRIBUTED_EXACT_SOURCE_RECORD,SOURCE_REPORTED_PAGE_LOCATOR,3,146,https://cefael.efa.gr/detail.php?site_id=1&actionID=page&serie_id=EtCret&volume_number=21&issue_number=3&sp=146,,[],UNRESOLVED_EDITION_CONTENT_NOT_ACQUIRED,UNRESOLVED_EDITION_CONTENT_NOT_ACQUIRED,UNRESOLVED_NOT_RECONCILED,,,,false
KH Wc 2024,/documents/545,ATTRIBUTED_EXACT_SOURCE_RECORD,SOURCE_REPORTED_PAGE_LOCATOR,3,147,https://cefael.efa.gr/detail.php?site_id=1&actionID=page&serie_id=EtCret&volume_number=21&issue_number=3&sp=147,,[],UNRESOLVED_EDITION_CONTENT_NOT_ACQUIRED,UNRESOLVED_EDITION_CONTENT_NOT_ACQUIRED,UNRESOLVED_NOT_RECONCILED,,,,false
KH Wc 2025,/documents/546,ATTRIBUTED_EXACT_SOURCE_RECORD,SOURCE_REPORTED_PAGE_LOCATOR,3,147,https://cefael.efa.gr/detail.php?site_id=1&actionID=page&serie_id=EtCret&volume_number=21&issue_number=3&sp=147,,[],UNRESOLVED_EDITION_CONTENT_NOT_ACQUIRED,UNRESOLVED_EDITION_CONTENT_NOT_ACQUIRED,UNRESOLVED_NOT_RECONCILED,,,,false
KH Wc 2026,/documents/547,ATTRIBUTED_EXACT_SOURCE_RECORD,SOURCE_REPORTED_PAGE_LOCATOR,3,148,https://cefael.efa.gr/detail.php?site_id=1&actionID=page&serie_id=EtCret&volume_number=21&issue_number=3&sp=148,,[],UNRESOLVED_EDITION_CONTENT_NOT_ACQUIRED,UNRESOLVED_EDITION_CONTENT_NOT_ACQUIRED,UNRESOLVED_NOT_RECONCILED,,,,false
KH Wc 2027,/documents/548,ATTRIBUTED_EXACT_SOURCE_RECORD,SOURCE_REPORTED_PAGE_LOCATOR,3,148,https://cefael.efa.gr/detail.php?site_id=1&actionID=page&serie_id=EtCret&volume_number=21&issue_number=3&sp=148,,[],UNRESOLVED_EDITION_CONTENT_NOT_ACQUIRED,UNRESOLVED_EDITION_CONTENT_NOT_ACQUIRED,UNRESOLVED_NOT_RECONCILED,,,,false
KH Wc 2028,/documents/549,ATTRIBUTED_EXACT_SOURCE_RECORD,SOURCE_REPORTED_PAGE_LOCATOR,3,148,https://cefael.efa.gr/detail.php?site_id=1&actionID=page&serie_id=EtCret&volume_number=21&issue_number=3&sp=148,,[],UNRESOLVED_EDITION_CONTENT_NOT_ACQUIRED,UNRESOLVED_EDITION_CONTENT_NOT_ACQUIRED,UNRESOLVED_NOT_RECONCILED,,,,false
KH Wc 2029,/documents/550,ATTRIBUTED_EXACT_SOURCE_RECORD,SOURCE_REPORTED_PAGE_LOCATOR,3,149,https://cefael.efa.gr/detail.php?site_id=1&actionID=page&serie_id=EtCret&volume_number=21&issue_number=3&sp=149,,[],UNRESOLVED_EDITION_CONTENT_NOT_ACQUIRED,UNRESOLVED_EDITION_CONTENT_NOT_ACQUIRED,UNRESOLVED_NOT_RECONCILED,,,,false
KH Wc 2030,/documents/551,ATTRIBUTED_EXACT_SOURCE_RECORD,SOURCE_REPORTED_PAGE_LOCATOR,3,149,https://cefael.efa.gr/detail.php?site_id=1&actionID=page&serie_id=EtCret&volume_number=21&issue_number=3&sp=149,,[],UNRESOLVED_EDITION_CONTENT_NOT_ACQUIRED,UNRESOLVED_EDITION_CONTENT_NOT_ACQUIRED,UNRESOLVED_NOT_RECONCILED,,,,false
KH Wc 2031,/documents/552,ATTRIBUTED_EXACT_SOURCE_RECORD,SOURCE_REPORTED_PAGE_LOCATOR,3,150,https://cefael.efa.gr/detail.php?site_id=1&actionID=page&serie_id=EtCret&volume_number=21&issue_number=3&sp=150,,[],UNRESOLVED_EDITION_CONTENT_NOT_ACQUIRED,UNRESOLVED_EDITION_CONTENT_NOT_ACQUIRED,UNRESOLVED_NOT_RECONCILED,,,,false
KH Wc 2032,/documents/553,ATTRIBUTED_EXACT_SOURCE_RECORD,SOURCE_REPORTED_PAGE_LOCATOR,3,150,https://cefael.efa.gr/detail.php?site_id=1&actionID=page&serie_id=EtCret&volume_number=21&issue_number=3&sp=150,,[],UNRESOLVED_EDITION_CONTENT_NOT_ACQUIRED,UNRESOLVED_EDITION_CONTENT_NOT_ACQUIRED,UNRESOLVED_NOT_RECONCILED,,,,false
KH Wc 2033,/documents/554,ATTRIBUTED_EXACT_SOURCE_RECORD,SOURCE_REPORTED_PAGE_LOCATOR,3,151,https://cefael.efa.gr/detail.php?site_id=1&actionID=page&serie_id=EtCret&volume_number=21&issue_number=3&sp=151,,[],UNRESOLVED_EDITION_CONTENT_NOT_ACQUIRED,UNRESOLVED_EDITION_CONTENT_NOT_ACQUIRED,UNRESOLVED_NOT_RECONCILED,,,,false
KH Wc 2034,/documents/555,ATTRIBUTED_EXACT_SOURCE_RECORD,SOURCE_REPORTED_PAGE_LOCATOR,3,151,https://cefael.efa.gr/detail.php?site_id=1&actionID=page&serie_id=EtCret&volume_number=21&issue_number=3&sp=151,,[],UNRESOLVED_EDITION_CONTENT_NOT_ACQUIRED,UNRESOLVED_EDITION_CONTENT_NOT_ACQUIRED,UNRESOLVED_NOT_RECONCILED,,,,false
KH Wc 2035,/documents/556,ATTRIBUTED_EXACT_SOURCE_RECORD,SOURCE_REPORTED_PAGE_LOCATOR,3,151,https://cefael.efa.gr/detail.php?site_id=1&actionID=page&serie_id=EtCret&volume_number=21&issue_number=3&sp=151,,[],UNRESOLVED_EDITION_CONTENT_NOT_ACQUIRED,UNRESOLVED_EDITION_CONTENT_NOT_ACQUIRED,UNRESOLVED_NOT_RECONCILED,,,,false
KH Wc 2036,/documents/557,ATTRIBUTED_EXACT_SOURCE_RECORD,SOURCE_REPORTED_PAGE_LOCATOR,3,152,https://cefael.efa.gr/detail.php?site_id=1&actionID=page&serie_id=EtCret&volume_number=21&issue_number=3&sp=152,,[],UNRESOLVED_EDITION_CONTENT_NOT_ACQUIRED,UNRESOLVED_EDITION_CONTENT_NOT_ACQUIRED,UNRESOLVED_NOT_RECONCILED,,,,false
KH Wc 2037,/documents/558,ATTRIBUTED_EXACT_SOURCE_RECORD,SOURCE_REPORTED_PAGE_LOCATOR,3,152,https://cefael.efa.gr/detail.php?site_id=1&actionID=page&serie_id=EtCret&volume_number=21&issue_number=3&sp=152,,[],UNRESOLVED_EDITION_CONTENT_NOT_ACQUIRED,UNRESOLVED_EDITION_CONTENT_NOT_ACQUIRED,UNRESOLVED_NOT_RECONCILED,,,,false
KH Wc 2038,/documents/559,ATTRIBUTED_EXACT_SOURCE_RECORD,SOURCE_REPORTED_PAGE_LOCATOR,3,152,https://cefael.efa.gr/detail.php?site_id=1&actionID=page&serie_id=EtCret&volume_number=21&issue_number=3&sp=152,,[],UNRESOLVED_EDITION_CONTENT_NOT_ACQUIRED,UNRESOLVED_EDITION_CONTENT_NOT_ACQUIRED,UNRESOLVED_NOT_RECONCILED,,,,false
KH Wc 2039,/documents/560,ATTRIBUTED_EXACT_SOURCE_RECORD,SOURCE_REPORTED_PAGE_LOCATOR,3,153,https://cefael.efa.gr/detail.php?site_id=1&actionID=page&serie_id=EtCret&volume_number=21&issue_number=3&sp=153,,[],UNRESOLVED_EDITION_CONTENT_NOT_ACQUIRED,UNRESOLVED_EDITION_CONTENT_NOT_ACQUIRED,UNRESOLVED_NOT_RECONCILED,,,,false
KH Wc 2040,/documents/561,ATTRIBUTED_EXACT_SOURCE_RECORD,SOURCE_REPORTED_PAGE_LOCATOR,3,153,https://cefael.efa.gr/detail.php?site_id=1&actionID=page&serie_id=EtCret&volume_number=21&issue_number=3&sp=153,,[],UNRESOLVED_EDITION_CONTENT_NOT_ACQUIRED,UNRESOLVED_EDITION_CONTENT_NOT_ACQUIRED,UNRESOLVED_NOT_RECONCILED,,,,false
KH Wc 2041,/documents/562,ATTRIBUTED_EXACT_SOURCE_RECORD,SOURCE_REPORTED_PAGE_LOCATOR,3,153,https://cefael.efa.gr/detail.php?site_id=1&actionID=page&serie_id=EtCret&volume_number=21&issue_number=3&sp=153,,[],UNRESOLVED_EDITION_CONTENT_NOT_ACQUIRED,UNRESOLVED_EDITION_CONTENT_NOT_ACQUIRED,UNRESOLVED_NOT_RECONCILED,,,,false
KH Wc 2042,/documents/563,ATTRIBUTED_EXACT_SOURCE_RECORD,SOURCE_REPORTED_PAGE_LOCATOR,3,153,https://cefael.efa.gr/detail.php?site_id=1&actionID=page&serie_id=EtCret&volume_number=21&issue_number=3&sp=153,,[],UNRESOLVED_EDITION_CONTENT_NOT_ACQUIRED,UNRESOLVED_EDITION_CONTENT_NOT_ACQUIRED,UNRESOLVED_NOT_RECONCILED,,,,false
KH Wc 2043,/documents/564,ATTRIBUTED_EXACT_SOURCE_RECORD,SOURCE_REPORTED_PAGE_LOCATOR,3,154,https://cefael.efa.gr/detail.php?site_id=1&actionID=page&serie_id=EtCret&volume_number=21&issue_number=3&sp=154,,[],UNRESOLVED_EDITION_CONTENT_NOT_ACQUIRED,UNRESOLVED_EDITION_CONTENT_NOT_ACQUIRED,UNRESOLVED_NOT_RECONCILED,,,,false
KH Wc 2044,/documents/565,ATTRIBUTED_EXACT_SOURCE_RECORD,SOURCE_REPORTED_PAGE_LOCATOR,3,154,https://cefael.efa.gr/detail.php?site_id=1&actionID=page&serie_id=EtCret&volume_number=21&issue_number=3&sp=154,,[],UNRESOLVED_EDITION_CONTENT_NOT_ACQUIRED,UNRESOLVED_EDITION_CONTENT_NOT_ACQUIRED,UNRESOLVED_NOT_RECONCILED,,,,false
KH Wc 2045,/documents/566,ATTRIBUTED_EXACT_SOURCE_RECORD,SOURCE_REPORTED_PAGE_LOCATOR,3,154,https://cefael.efa.gr/detail.php?site_id=1&actionID=page&serie_id=EtCret&volume_number=21&issue_number=3&sp=154,,[],UNRESOLVED_EDITION_CONTENT_NOT_ACQUIRED,UNRESOLVED_EDITION_CONTENT_NOT_ACQUIRED,UNRESOLVED_NOT_RECONCILED,,,,false
KH Wc 2046,/documents/567,ATTRIBUTED_EXACT_SOURCE_RECORD,SOURCE_REPORTED_PAGE_LOCATOR,3,155,https://cefael.efa.gr/detail.php?site_id=1&actionID=page&serie_id=EtCret&volume_number=21&issue_number=3&sp=155,,[],UNRESOLVED_EDITION_CONTENT_NOT_ACQUIRED,UNRESOLVED_EDITION_CONTENT_NOT_ACQUIRED,UNRESOLVED_NOT_RECONCILED,,,,false
KH Wc 2047,/documents/568,ATTRIBUTED_EXACT_SOURCE_RECORD,SOURCE_REPORTED_PAGE_LOCATOR,3,155,https://cefael.efa.gr/detail.php?site_id=1&actionID=page&serie_id=EtCret&volume_number=21&issue_number=3&sp=155,,[],UNRESOLVED_EDITION_CONTENT_NOT_ACQUIRED,UNRESOLVED_EDITION_CONTENT_NOT_ACQUIRED,UNRESOLVED_NOT_RECONCILED,,,,false
KH Wc 2048,/documents/569,ATTRIBUTED_EXACT_SOURCE_RECORD,SOURCE_REPORTED_PAGE_LOCATOR,3,155,https://cefael.efa.gr/detail.php?site_id=1&actionID=page&serie_id=EtCret&volume_number=21&issue_number=3&sp=155,,[],UNRESOLVED_EDITION_CONTENT_NOT_ACQUIRED,UNRESOLVED_EDITION_CONTENT_NOT_ACQUIRED,UNRESOLVED_NOT_RECONCILED,,,,false
KH Wc 2049,/documents/570,ATTRIBUTED_EXACT_SOURCE_RECORD,SOURCE_REPORTED_PAGE_LOCATOR,3,156,https://cefael.efa.gr/detail.php?site_id=1&actionID=page&serie_id=EtCret&volume_number=21&issue_number=3&sp=156,,[],UNRESOLVED_EDITION_CONTENT_NOT_ACQUIRED,UNRESOLVED_EDITION_CONTENT_NOT_ACQUIRED,UNRESOLVED_NOT_RECONCILED,,,,false
KH Wc 2050,/documents/571,ATTRIBUTED_EXACT_SOURCE_RECORD,SOURCE_REPORTED_PAGE_LOCATOR,3,156,https://cefael.efa.gr/detail.php?site_id=1&actionID=page&serie_id=EtCret&volume_number=21&issue_number=3&sp=156,,[],UNRESOLVED_EDITION_CONTENT_NOT_ACQUIRED,UNRESOLVED_EDITION_CONTENT_NOT_ACQUIRED,UNRESOLVED_NOT_RECONCILED,,,,false
KH Wc 2051,/documents/572,ATTRIBUTED_EXACT_SOURCE_RECORD,SOURCE_REPORTED_PAGE_LOCATOR,3,156,https://cefael.efa.gr/detail.php?site_id=1&actionID=page&serie_id=EtCret&volume_number=21&issue_number=3&sp=156,,[],UNRESOLVED_EDITION_CONTENT_NOT_ACQUIRED,UNRESOLVED_EDITION_CONTENT_NOT_ACQUIRED,UNRESOLVED_NOT_RECONCILED,,,,false
KH Wc 2052,/documents/573,ATTRIBUTED_EXACT_SOURCE_RECORD,SOURCE_REPORTED_PAGE_LOCATOR,3,157,https://cefael.efa.gr/detail.php?site_id=1&actionID=page&serie_id=EtCret&volume_number=21&issue_number=3&sp=157,,[],UNRESOLVED_EDITION_CONTENT_NOT_ACQUIRED,UNRESOLVED_EDITION_CONTENT_NOT_ACQUIRED,UNRESOLVED_NOT_RECONCILED,,,,false
KH Wc 2053,/documents/574,ATTRIBUTED_EXACT_SOURCE_RECORD,SOURCE_REPORTED_PAGE_LOCATOR,3,157,https://cefael.efa.gr/detail.php?site_id=1&actionID=page&serie_id=EtCret&volume_number=21&issue_number=3&sp=157,,[],UNRESOLVED_EDITION_CONTENT_NOT_ACQUIRED,UNRESOLVED_EDITION_CONTENT_NOT_ACQUIRED,UNRESOLVED_NOT_RECONCILED,,,,false
KH Wc 2054,/documents/575,ATTRIBUTED_EXACT_SOURCE_RECORD,SOURCE_REPORTED_PAGE_LOCATOR,3,158,https://cefael.efa.gr/detail.php?site_id=1&actionID=page&serie_id=EtCret&volume_number=21&issue_number=3&sp=158,,[],UNRESOLVED_EDITION_CONTENT_NOT_ACQUIRED,UNRESOLVED_EDITION_CONTENT_NOT_ACQUIRED,UNRESOLVED_NOT_RECONCILED,,,,false
KH Wc 2055,/documents/576,ATTRIBUTED_EXACT_SOURCE_RECORD,SOURCE_REPORTED_PAGE_LOCATOR,3,158,https://cefael.efa.gr/detail.php?site_id=1&actionID=page&serie_id=EtCret&volume_number=21&issue_number=3&sp=158,,[],UNRESOLVED_EDITION_CONTENT_NOT_ACQUIRED,UNRESOLVED_EDITION_CONTENT_NOT_ACQUIRED,UNRESOLVED_NOT_RECONCILED,,,,false
KH Wc 2056,/documents/577,ATTRIBUTED_EXACT_SOURCE_RECORD,SOURCE_REPORTED_PAGE_LOCATOR,3,159,https://cefael.efa.gr/detail.php?site_id=1&actionID=page&serie_id=EtCret&volume_number=21&issue_number=3&sp=159,,[],UNRESOLVED_EDITION_CONTENT_NOT_ACQUIRED,UNRESOLVED_EDITION_CONTENT_NOT_ACQUIRED,UNRESOLVED_NOT_RECONCILED,,,,false
KH Wc 2057,/documents/578,ATTRIBUTED_EXACT_SOURCE_RECORD,SOURCE_REPORTED_PAGE_LOCATOR,3,159,https://cefael.efa.gr/detail.php?site_id=1&actionID=page&serie_id=EtCret&volume_number=21&issue_number=3&sp=159,,[],UNRESOLVED_EDITION_CONTENT_NOT_ACQUIRED,UNRESOLVED_EDITION_CONTENT_NOT_ACQUIRED,UNRESOLVED_NOT_RECONCILED,,,,false
KH Wc 2058,/documents/579,ATTRIBUTED_EXACT_SOURCE_RECORD,SOURCE_REPORTED_PAGE_LOCATOR,3,160,https://cefael.efa.gr/detail.php?site_id=1&actionID=page&serie_id=EtCret&volume_number=21&issue_number=3&sp=160,,[],UNRESOLVED_EDITION_CONTENT_NOT_ACQUIRED,UNRESOLVED_EDITION_CONTENT_NOT_ACQUIRED,UNRESOLVED_NOT_RECONCILED,,,,false
KH Wc 2059,/documents/580,ATTRIBUTED_EXACT_SOURCE_RECORD,SOURCE_REPORTED_PAGE_LOCATOR,3,160,https://cefael.efa.gr/detail.php?site_id=1&actionID=page&serie_id=EtCret&volume_number=21&issue_number=3&sp=160,,[],UNRESOLVED_EDITION_CONTENT_NOT_ACQUIRED,UNRESOLVED_EDITION_CONTENT_NOT_ACQUIRED,UNRESOLVED_NOT_RECONCILED,,,,false
KH Wc 2060,/documents/581,ATTRIBUTED_EXACT_SOURCE_RECORD,SOURCE_REPORTED_PAGE_LOCATOR,3,161,https://cefael.efa.gr/detail.php?site_id=1&actionID=page&serie_id=EtCret&volume_number=21&issue_number=3&sp=161,,[],UNRESOLVED_EDITION_CONTENT_NOT_ACQUIRED,UNRESOLVED_EDITION_CONTENT_NOT_ACQUIRED,UNRESOLVED_NOT_RECONCILED,,,,false
KH Wc 2061,/documents/582,ATTRIBUTED_EXACT_SOURCE_RECORD,SOURCE_REPORTED_PAGE_LOCATOR,3,161,https://cefael.efa.gr/detail.php?site_id=1&actionID=page&serie_id=EtCret&volume_number=21&issue_number=3&sp=161,,[],UNRESOLVED_EDITION_CONTENT_NOT_ACQUIRED,UNRESOLVED_EDITION_CONTENT_NOT_ACQUIRED,UNRESOLVED_NOT_RECONCILED,,,,false
KH Wc 2062,/documents/583,ATTRIBUTED_EXACT_SOURCE_RECORD,SOURCE_REPORTED_PAGE_LOCATOR,3,162,https://cefael.efa.gr/detail.php?site_id=1&actionID=page&serie_id=EtCret&volume_number=21&issue_number=3&sp=162,,[],UNRESOLVED_EDITION_CONTENT_NOT_ACQUIRED,UNRESOLVED_EDITION_CONTENT_NOT_ACQUIRED,UNRESOLVED_NOT_RECONCILED,,,,false
KH Wc 2064,/documents/584,ATTRIBUTED_EXACT_SOURCE_RECORD,SOURCE_REPORTED_PAGE_LOCATOR,3,162,https://cefael.efa.gr/detail.php?site_id=1&actionID=page&serie_id=EtCret&volume_number=21&issue_number=3&sp=162,,[],UNRESOLVED_EDITION_CONTENT_NOT_ACQUIRED,UNRESOLVED_EDITION_CONTENT_NOT_ACQUIRED,UNRESOLVED_NOT_RECONCILED,,,,false
KH Wc 2065,/documents/585,ATTRIBUTED_EXACT_SOURCE_RECORD,SOURCE_REPORTED_PAGE_LOCATOR,3,162,https://cefael.efa.gr/detail.php?site_id=1&actionID=page&serie_id=EtCret&volume_number=21&issue_number=3&sp=162,,[],UNRESOLVED_EDITION_CONTENT_NOT_ACQUIRED,UNRESOLVED_EDITION_CONTENT_NOT_ACQUIRED,UNRESOLVED_NOT_RECONCILED,,,,false
KH Wc 2066,/documents/586,ATTRIBUTED_EXACT_SOURCE_RECORD,SOURCE_REPORTED_PAGE_LOCATOR,3,163,https://cefael.efa.gr/detail.php?site_id=1&actionID=page&serie_id=EtCret&volume_number=21&issue_number=3&sp=163,,[],UNRESOLVED_EDITION_CONTENT_NOT_ACQUIRED,UNRESOLVED_EDITION_CONTENT_NOT_ACQUIRED,UNRESOLVED_NOT_RECONCILED,,,,false
KH Wc 2067,/documents/587,ATTRIBUTED_EXACT_SOURCE_RECORD,SOURCE_REPORTED_PAGE_LOCATOR,3,163,https://cefael.efa.gr/detail.php?site_id=1&actionID=page&serie_id=EtCret&volume_number=21&issue_number=3&sp=163,,[],UNRESOLVED_EDITION_CONTENT_NOT_ACQUIRED,UNRESOLVED_EDITION_CONTENT_NOT_ACQUIRED,UNRESOLVED_NOT_RECONCILED,,,,false
KH Wc 2068,/documents/588,ATTRIBUTED_EXACT_SOURCE_RECORD,SOURCE_REPORTED_PAGE_LOCATOR,3,163,https://cefael.efa.gr/detail.php?site_id=1&actionID=page&serie_id=EtCret&volume_number=21&issue_number=3&sp=163,,[],UNRESOLVED_EDITION_CONTENT_NOT_ACQUIRED,UNRESOLVED_EDITION_CONTENT_NOT_ACQUIRED,UNRESOLVED_NOT_RECONCILED,,,,false
KH Wc 2069,/documents/589,ATTRIBUTED_EXACT_SOURCE_RECORD,SOURCE_REPORTED_PAGE_LOCATOR,3,164,https://cefael.efa.gr/detail.php?site_id=1&actionID=page&serie_id=EtCret&volume_number=21&issue_number=3&sp=164,,[],UNRESOLVED_EDITION_CONTENT_NOT_ACQUIRED,UNRESOLVED_EDITION_CONTENT_NOT_ACQUIRED,UNRESOLVED_NOT_RECONCILED,,,,false
KH Wc 2070a,/documents/590,ATTRIBUTED_EXACT_SOURCE_RECORD,SOURCE_REPORTED_PAGE_LOCATOR,3,164,https://cefael.efa.gr/detail.php?site_id=1&actionID=page&serie_id=EtCret&volume_number=21&issue_number=3&sp=164,,[],UNRESOLVED_EDITION_CONTENT_NOT_ACQUIRED,UNRESOLVED_EDITION_CONTENT_NOT_ACQUIRED,UNRESOLVED_NOT_RECONCILED,,,,false
KH Wc 2070b,/documents/591,ATTRIBUTED_EXACT_SOURCE_RECORD,SOURCE_REPORTED_PAGE_LOCATOR,3,164,https://cefael.efa.gr/detail.php?site_id=1&actionID=page&serie_id=EtCret&volume_number=21&issue_number=3&sp=164,,[],UNRESOLVED_EDITION_CONTENT_NOT_ACQUIRED,UNRESOLVED_EDITION_CONTENT_NOT_ACQUIRED,UNRESOLVED_NOT_RECONCILED,,,,false
KH Wc 2084,/documents/592,ATTRIBUTED_EXACT_SOURCE_RECORD,SOURCE_REPORTED_PAGE_LOCATOR,3,165,https://cefael.efa.gr/detail.php?site_id=1&actionID=page&serie_id=EtCret&volume_number=21&issue_number=3&sp=165,,[],UNRESOLVED_EDITION_CONTENT_NOT_ACQUIRED,UNRESOLVED_EDITION_CONTENT_NOT_ACQUIRED,UNRESOLVED_NOT_RECONCILED,,,,false
KH Wc 2097,/documents/593,ATTRIBUTED_EXACT_SOURCE_RECORD,SOURCE_REPORTED_PAGE_LOCATOR,3,165,https://cefael.efa.gr/detail.php?site_id=1&actionID=page&serie_id=EtCret&volume_number=21&issue_number=3&sp=165,,[],UNRESOLVED_EDITION_CONTENT_NOT_ACQUIRED,UNRESOLVED_EDITION_CONTENT_NOT_ACQUIRED,UNRESOLVED_NOT_RECONCILED,,,,false
KH Wc 2098,/documents/594,ATTRIBUTED_EXACT_SOURCE_RECORD,SOURCE_REPORTED_PAGE_LOCATOR,3,165,https://cefael.efa.gr/detail.php?site_id=1&actionID=page&serie_id=EtCret&volume_number=21&issue_number=3&sp=165,,[],UNRESOLVED_EDITION_CONTENT_NOT_ACQUIRED,UNRESOLVED_EDITION_CONTENT_NOT_ACQUIRED,UNRESOLVED_NOT_RECONCILED,,,,false
KH Wc 2099,/documents/595,ATTRIBUTED_EXACT_SOURCE_RECORD,SOURCE_REPORTED_PAGE_LOCATOR,3,166,https://cefael.efa.gr/detail.php?site_id=1&actionID=page&serie_id=EtCret&volume_number=21&issue_number=3&sp=166,,[],UNRESOLVED_EDITION_CONTENT_NOT_ACQUIRED,UNRESOLVED_EDITION_CONTENT_NOT_ACQUIRED,UNRESOLVED_NOT_RECONCILED,,,,false
KH Wc 2100,/documents/596,ATTRIBUTED_EXACT_SOURCE_RECORD,SOURCE_REPORTED_PAGE_LOCATOR,3,166,https://cefael.efa.gr/detail.php?site_id=1&actionID=page&serie_id=EtCret&volume_number=21&issue_number=3&sp=166,,[],UNRESOLVED_EDITION_CONTENT_NOT_ACQUIRED,UNRESOLVED_EDITION_CONTENT_NOT_ACQUIRED,UNRESOLVED_NOT_RECONCILED,,,,false
KH Wc 2101,/documents/597,ATTRIBUTED_EXACT_SOURCE_RECORD,SOURCE_REPORTED_PAGE_LOCATOR,3,167,https://cefael.efa.gr/detail.php?site_id=1&actionID=page&serie_id=EtCret&volume_number=21&issue_number=3&sp=167,,[],UNRESOLVED_EDITION_CONTENT_NOT_ACQUIRED,UNRESOLVED_EDITION_CONTENT_NOT_ACQUIRED,UNRESOLVED_NOT_RECONCILED,,,,false
KH Wc 2102,/documents/598,ATTRIBUTED_EXACT_SOURCE_RECORD,SOURCE_REPORTED_PAGE_LOCATOR,3,167,https://cefael.efa.gr/detail.php?site_id=1&actionID=page&serie_id=EtCret&volume_number=21&issue_number=3&sp=167,,[],UNRESOLVED_EDITION_CONTENT_NOT_ACQUIRED,UNRESOLVED_EDITION_CONTENT_NOT_ACQUIRED,UNRESOLVED_NOT_RECONCILED,,,,false
KH Wc 2103,/documents/599,ATTRIBUTED_EXACT_SOURCE_RECORD,SOURCE_REPORTED_PAGE_LOCATOR,3,167,https://cefael.efa.gr/detail.php?site_id=1&actionID=page&serie_id=EtCret&volume_number=21&issue_number=3&sp=167,,[],UNRESOLVED_EDITION_CONTENT_NOT_ACQUIRED,UNRESOLVED_EDITION_CONTENT_NOT_ACQUIRED,UNRESOLVED_NOT_RECONCILED,,,,false
KH Wc 2104,/documents/600,ATTRIBUTED_EXACT_SOURCE_RECORD,SOURCE_REPORTED_PAGE_LOCATOR,3,168,https://cefael.efa.gr/detail.php?site_id=1&actionID=page&serie_id=EtCret&volume_number=21&issue_number=3&sp=168,,[],UNRESOLVED_EDITION_CONTENT_NOT_ACQUIRED,UNRESOLVED_EDITION_CONTENT_NOT_ACQUIRED,UNRESOLVED_NOT_RECONCILED,,,,false
KH Wc 2105,/documents/601,ATTRIBUTED_EXACT_SOURCE_RECORD,SOURCE_REPORTED_PAGE_LOCATOR,3,168,https://cefael.efa.gr/detail.php?site_id=1&actionID=page&serie_id=EtCret&volume_number=21&issue_number=3&sp=168,,[],UNRESOLVED_EDITION_CONTENT_NOT_ACQUIRED,UNRESOLVED_EDITION_CONTENT_NOT_ACQUIRED,UNRESOLVED_NOT_RECONCILED,,,,false
KH Wc 2106,/documents/602,ATTRIBUTED_EXACT_SOURCE_RECORD,SOURCE_REPORTED_PAGE_LOCATOR,3,168,https://cefael.efa.gr/detail.php?site_id=1&actionID=page&serie_id=EtCret&volume_number=21&issue_number=3&sp=168,,[],UNRESOLVED_EDITION_CONTENT_NOT_ACQUIRED,UNRESOLVED_EDITION_CONTENT_NOT_ACQUIRED,UNRESOLVED_NOT_RECONCILED,,,,false
KH Wc 2109,/documents/603,ATTRIBUTED_EXACT_SOURCE_RECORD,SOURCE_REPORTED_PAGE_LOCATOR,3,169,https://cefael.efa.gr/detail.php?site_id=1&actionID=page&serie_id=EtCret&volume_number=21&issue_number=3&sp=169,,[],UNRESOLVED_EDITION_CONTENT_NOT_ACQUIRED,UNRESOLVED_EDITION_CONTENT_NOT_ACQUIRED,UNRESOLVED_NOT_RECONCILED,,,,false
KH Wc 2110,/documents/604,ATTRIBUTED_EXACT_SOURCE_RECORD,SOURCE_REPORTED_PAGE_LOCATOR,3,169,https://cefael.efa.gr/detail.php?site_id=1&actionID=page&serie_id=EtCret&volume_number=21&issue_number=3&sp=169,,[],UNRESOLVED_EDITION_CONTENT_NOT_ACQUIRED,UNRESOLVED_EDITION_CONTENT_NOT_ACQUIRED,UNRESOLVED_NOT_RECONCILED,,,,false
KH Wc 2111,/documents/605,ATTRIBUTED_EXACT_SOURCE_RECORD,SOURCE_REPORTED_PAGE_LOCATOR,3,169,https://cefael.efa.gr/detail.php?site_id=1&actionID=page&serie_id=EtCret&volume_number=21&issue_number=3&sp=169,,[],UNRESOLVED_EDITION_CONTENT_NOT_ACQUIRED,UNRESOLVED_EDITION_CONTENT_NOT_ACQUIRED,UNRESOLVED_NOT_RECONCILED,,,,false
KH Wc 2113,/documents/606,ATTRIBUTED_EXACT_SOURCE_RECORD,SOURCE_REPORTED_PAGE_LOCATOR,3,170,https://cefael.efa.gr/detail.php?site_id=1&actionID=page&serie_id=EtCret&volume_number=21&issue_number=3&sp=170,,[],UNRESOLVED_EDITION_CONTENT_NOT_ACQUIRED,UNRESOLVED_EDITION_CONTENT_NOT_ACQUIRED,UNRESOLVED_NOT_RECONCILED,,,,false
KH Wc 2114,/documents/607,ATTRIBUTED_EXACT_SOURCE_RECORD,SOURCE_REPORTED_PAGE_LOCATOR,3,170,https://cefael.efa.gr/detail.php?site_id=1&actionID=page&serie_id=EtCret&volume_number=21&issue_number=3&sp=170,,[],UNRESOLVED_EDITION_CONTENT_NOT_ACQUIRED,UNRESOLVED_EDITION_CONTENT_NOT_ACQUIRED,UNRESOLVED_NOT_RECONCILED,,,,false
KH Wc 2115,/documents/608,ATTRIBUTED_EXACT_SOURCE_RECORD,SOURCE_REPORTED_PAGE_LOCATOR,5,98,https://cefael.efa.gr/detail.php?site_id=1&actionID=page&serie_id=EtCret&volume_number=21&issue_number=5&sp=98,,[],UNRESOLVED_EDITION_CONTENT_NOT_ACQUIRED,UNRESOLVED_EDITION_CONTENT_NOT_ACQUIRED,UNRESOLVED_NOT_RECONCILED,,,,false
KH Wc 2117a,/documents/609,ATTRIBUTED_EXACT_SOURCE_RECORD,SOURCE_REPORTED_PAGE_LOCATOR,5,99,https://cefael.efa.gr/detail.php?site_id=1&actionID=page&serie_id=EtCret&volume_number=21&issue_number=5&sp=99,,[],UNRESOLVED_EDITION_CONTENT_NOT_ACQUIRED,UNRESOLVED_EDITION_CONTENT_NOT_ACQUIRED,UNRESOLVED_NOT_RECONCILED,,,,false
KH Wc 2117b,/documents/610,ATTRIBUTED_EXACT_SOURCE_RECORD,SOURCE_REPORTED_PAGE_LOCATOR,5,99,https://cefael.efa.gr/detail.php?site_id=1&actionID=page&serie_id=EtCret&volume_number=21&issue_number=5&sp=99,,[],UNRESOLVED_EDITION_CONTENT_NOT_ACQUIRED,UNRESOLVED_EDITION_CONTENT_NOT_ACQUIRED,UNRESOLVED_NOT_RECONCILED,,,,false
KH Wc 2118,/documents/611,ATTRIBUTED_EXACT_SOURCE_RECORD,SOURCE_REPORTED_PAGE_LOCATOR,5,100,https://cefael.efa.gr/detail.php?site_id=1&actionID=page&serie_id=EtCret&volume_number=21&issue_number=5&sp=100,,[],UNRESOLVED_EDITION_CONTENT_NOT_ACQUIRED,UNRESOLVED_EDITION_CONTENT_NOT_ACQUIRED,UNRESOLVED_NOT_RECONCILED,,,,false
KN 1a,/documents/612,ATTRIBUTED_EXACT_SOURCE_RECORD,SOURCE_REPORTED_PAGE_LOCATOR,1,292,https://cefael.efa.gr/detail.php?site_id=1&actionID=page&serie_id=EtCret&volume_number=21&issue_number=1&sp=292,,[],UNRESOLVED_EDITION_CONTENT_NOT_ACQUIRED,UNRESOLVED_EDITION_CONTENT_NOT_ACQUIRED,UNRESOLVED_NOT_RECONCILED,,,,false
KN 1b,/documents/613,ATTRIBUTED_EXACT_SOURCE_RECORD,SOURCE_REPORTED_PAGE_LOCATOR,1,292,https://cefael.efa.gr/detail.php?site_id=1&actionID=page&serie_id=EtCret&volume_number=21&issue_number=1&sp=292,,[],UNRESOLVED_EDITION_CONTENT_NOT_ACQUIRED,UNRESOLVED_EDITION_CONTENT_NOT_ACQUIRED,UNRESOLVED_NOT_RECONCILED,,,,false
KN 2,/documents/614,ATTRIBUTED_EXACT_SOURCE_RECORD,SOURCE_REPORTED_PAGE_LOCATOR,1,294,https://cefael.efa.gr/detail.php?site_id=1&actionID=page&serie_id=EtCret&volume_number=21&issue_number=1&sp=294,,[],UNRESOLVED_EDITION_CONTENT_NOT_ACQUIRED,UNRESOLVED_EDITION_CONTENT_NOT_ACQUIRED,UNRESOLVED_NOT_RECONCILED,,,,false
KN 22a,/documents/615,ATTRIBUTED_EXACT_SOURCE_RECORD,SOURCE_REPORTED_PAGE_LOCATOR,1,296,https://cefael.efa.gr/detail.php?site_id=1&actionID=page&serie_id=EtCret&volume_number=21&issue_number=1&sp=296,,[],UNRESOLVED_EDITION_CONTENT_NOT_ACQUIRED,UNRESOLVED_EDITION_CONTENT_NOT_ACQUIRED,UNRESOLVED_NOT_RECONCILED,,,,false
KN 22b,/documents/616,ATTRIBUTED_EXACT_SOURCE_RECORD,SOURCE_REPORTED_PAGE_LOCATOR,1,296,https://cefael.efa.gr/detail.php?site_id=1&actionID=page&serie_id=EtCret&volume_number=21&issue_number=1&sp=296,,[],UNRESOLVED_EDITION_CONTENT_NOT_ACQUIRED,UNRESOLVED_EDITION_CONTENT_NOT_ACQUIRED,UNRESOLVED_NOT_RECONCILED,,,,false
KN 22c,/documents/617,ATTRIBUTED_EXACT_SOURCE_RECORD,SOURCE_REPORTED_PAGE_LOCATOR,1,296,https://cefael.efa.gr/detail.php?site_id=1&actionID=page&serie_id=EtCret&volume_number=21&issue_number=1&sp=296,,[],UNRESOLVED_EDITION_CONTENT_NOT_ACQUIRED,UNRESOLVED_EDITION_CONTENT_NOT_ACQUIRED,UNRESOLVED_NOT_RECONCILED,,,,false
KN 28a,/documents/618,ATTRIBUTED_EXACT_SOURCE_RECORD,SOURCE_REPORTED_PAGE_LOCATOR,1,298,https://cefael.efa.gr/detail.php?site_id=1&actionID=page&serie_id=EtCret&volume_number=21&issue_number=1&sp=298,,[],UNRESOLVED_EDITION_CONTENT_NOT_ACQUIRED,UNRESOLVED_EDITION_CONTENT_NOT_ACQUIRED,UNRESOLVED_NOT_RECONCILED,,,,false
KN 28b,/documents/619,ATTRIBUTED_EXACT_SOURCE_RECORD,SOURCE_REPORTED_PAGE_LOCATOR,1,298,https://cefael.efa.gr/detail.php?site_id=1&actionID=page&serie_id=EtCret&volume_number=21&issue_number=1&sp=298,,[],UNRESOLVED_EDITION_CONTENT_NOT_ACQUIRED,UNRESOLVED_EDITION_CONTENT_NOT_ACQUIRED,UNRESOLVED_NOT_RECONCILED,,,,false
KN 32a,/documents/620,ATTRIBUTED_EXACT_SOURCE_RECORD,SOURCE_REPORTED_PAGE_LOCATOR,1,300,https://cefael.efa.gr/detail.php?site_id=1&actionID=page&serie_id=EtCret&volume_number=21&issue_number=1&sp=300,,[],UNRESOLVED_EDITION_CONTENT_NOT_ACQUIRED,UNRESOLVED_EDITION_CONTENT_NOT_ACQUIRED,UNRESOLVED_NOT_RECONCILED,,,,false
KN 32b,/documents/621,ATTRIBUTED_EXACT_SOURCE_RECORD,SOURCE_REPORTED_PAGE_LOCATOR,1,300,https://cefael.efa.gr/detail.php?site_id=1&actionID=page&serie_id=EtCret&volume_number=21&issue_number=1&sp=300,,[],UNRESOLVED_EDITION_CONTENT_NOT_ACQUIRED,UNRESOLVED_EDITION_CONTENT_NOT_ACQUIRED,UNRESOLVED_NOT_RECONCILED,,,,false
KN 49,/documents/622,ATTRIBUTED_EXACT_SOURCE_RECORD,SOURCE_POINTS_TO_LATER_EDITION,,,,,[],UNRESOLVED_EDITION_CONTENT_NOT_ACQUIRED,UNRESOLVED_EDITION_CONTENT_NOT_ACQUIRED,SOURCE_REPORTED_PUBLICATION_SECTION_CANDIDATE,https://editions.efa.gr/?r=publication&id=1050,33,,false
KN 54,/documents/623,ATTRIBUTED_EXACT_SOURCE_RECORD,SOURCE_POINTS_TO_LATER_EDITION,,,,,[],UNRESOLVED_EDITION_CONTENT_NOT_ACQUIRED,UNRESOLVED_EDITION_CONTENT_NOT_ACQUIRED,SOURCE_REPORTED_PUBLICATION_SECTION_CANDIDATE,https://editions.efa.gr/?r=publication&id=1050,33,,false
KN Wb 33a,/documents/624,ATTRIBUTED_EXACT_SOURCE_RECORD,SOURCE_REPORTED_PAGE_LOCATOR,2,142,https://cefael.efa.gr/detail.php?site_id=1&actionID=page&serie_id=EtCret&volume_number=21&issue_number=2&sp=142,,[],UNRESOLVED_EDITION_CONTENT_NOT_ACQUIRED,UNRESOLVED_EDITION_CONTENT_NOT_ACQUIRED,UNRESOLVED_NOT_RECONCILED,,,,false
KN Wb 33b,/documents/625,ATTRIBUTED_EXACT_SOURCE_RECORD,SOURCE_REPORTED_PAGE_LOCATOR,2,142,https://cefael.efa.gr/detail.php?site_id=1&actionID=page&serie_id=EtCret&volume_number=21&issue_number=2&sp=142,,[],UNRESOLVED_EDITION_CONTENT_NOT_ACQUIRED,UNRESOLVED_EDITION_CONTENT_NOT_ACQUIRED,UNRESOLVED_NOT_RECONCILED,,,,false
KN Wc 26a,/documents/626,ATTRIBUTED_EXACT_SOURCE_RECORD,SOURCE_REPORTED_PAGE_LOCATOR,2,145,https://cefael.efa.gr/detail.php?site_id=1&actionID=page&serie_id=EtCret&volume_number=21&issue_number=2&sp=145,,[],UNRESOLVED_EDITION_CONTENT_NOT_ACQUIRED,UNRESOLVED_EDITION_CONTENT_NOT_ACQUIRED,UNRESOLVED_NOT_RECONCILED,,,,false
KN Wc 26b,/documents/627,ATTRIBUTED_EXACT_SOURCE_RECORD,SOURCE_REPORTED_PAGE_LOCATOR,2,145,https://cefael.efa.gr/detail.php?site_id=1&actionID=page&serie_id=EtCret&volume_number=21&issue_number=2&sp=145,,[],UNRESOLVED_EDITION_CONTENT_NOT_ACQUIRED,UNRESOLVED_EDITION_CONTENT_NOT_ACQUIRED,UNRESOLVED_NOT_RECONCILED,,,,false
KN Wc 29,/documents/628,ATTRIBUTED_EXACT_SOURCE_RECORD,SOURCE_REPORTED_PAGE_LOCATOR,2,145,https://cefael.efa.gr/detail.php?site_id=1&actionID=page&serie_id=EtCret&volume_number=21&issue_number=2&sp=145,,[],UNRESOLVED_EDITION_CONTENT_NOT_ACQUIRED,UNRESOLVED_EDITION_CONTENT_NOT_ACQUIRED,UNRESOLVED_NOT_RECONCILED,,,,false
KN Wc 3,/documents/629,ATTRIBUTED_EXACT_SOURCE_RECORD,SOURCE_REPORTED_PAGE_LOCATOR,2,144,https://cefael.efa.gr/detail.php?site_id=1&actionID=page&serie_id=EtCret&volume_number=21&issue_number=2&sp=144,,[],UNRESOLVED_EDITION_CONTENT_NOT_ACQUIRED,UNRESOLVED_EDITION_CONTENT_NOT_ACQUIRED,UNRESOLVED_NOT_RECONCILED,,,,false
KN Wc 30,/documents/630,ATTRIBUTED_EXACT_SOURCE_RECORD,SOURCE_REPORTED_PAGE_LOCATOR,2,145,https://cefael.efa.gr/detail.php?site_id=1&actionID=page&serie_id=EtCret&volume_number=21&issue_number=2&sp=145,,[],UNRESOLVED_EDITION_CONTENT_NOT_ACQUIRED,UNRESOLVED_EDITION_CONTENT_NOT_ACQUIRED,UNRESOLVED_NOT_RECONCILED,,,,false
KN Wc <24a>,/documents/631,ATTRIBUTED_EXACT_SOURCE_RECORD,SOURCE_REPORTED_PAGE_LOCATOR,2,144,https://cefael.efa.gr/detail.php?site_id=1&actionID=page&serie_id=EtCret&volume_number=21&issue_number=2&sp=144,,[],UNRESOLVED_EDITION_CONTENT_NOT_ACQUIRED,UNRESOLVED_EDITION_CONTENT_NOT_ACQUIRED,UNRESOLVED_NOT_RECONCILED,,,,false
KN Wc <24b>,/documents/632,ATTRIBUTED_EXACT_SOURCE_RECORD,SOURCE_REPORTED_PAGE_LOCATOR,2,144,https://cefael.efa.gr/detail.php?site_id=1&actionID=page&serie_id=EtCret&volume_number=21&issue_number=2&sp=144,,[],UNRESOLVED_EDITION_CONTENT_NOT_ACQUIRED,UNRESOLVED_EDITION_CONTENT_NOT_ACQUIRED,UNRESOLVED_NOT_RECONCILED,,,,false
KN Wc <25>,/documents/633,ATTRIBUTED_EXACT_SOURCE_RECORD,SOURCE_REPORTED_PAGE_LOCATOR,2,144,https://cefael.efa.gr/detail.php?site_id=1&actionID=page&serie_id=EtCret&volume_number=21&issue_number=2&sp=144,,[],UNRESOLVED_EDITION_CONTENT_NOT_ACQUIRED,UNRESOLVED_EDITION_CONTENT_NOT_ACQUIRED,UNRESOLVED_NOT_RECONCILED,,,,false
KN Za 10a,/documents/634,ATTRIBUTED_EXACT_SOURCE_RECORD,SOURCE_REPORTED_PAGE_LOCATOR,4,50,https://cefael.efa.gr/detail.php?site_id=1&actionID=page&serie_id=EtCret&volume_number=21&issue_number=4&sp=50,,[],UNRESOLVED_EDITION_CONTENT_NOT_ACQUIRED,UNRESOLVED_EDITION_CONTENT_NOT_ACQUIRED,UNRESOLVED_NOT_RECONCILED,,,,false
KN Za 10b,/documents/635,ATTRIBUTED_EXACT_SOURCE_RECORD,SOURCE_REPORTED_PAGE_LOCATOR,4,50,https://cefael.efa.gr/detail.php?site_id=1&actionID=page&serie_id=EtCret&volume_number=21&issue_number=4&sp=50,,[],UNRESOLVED_EDITION_CONTENT_NOT_ACQUIRED,UNRESOLVED_EDITION_CONTENT_NOT_ACQUIRED,UNRESOLVED_NOT_RECONCILED,,,,false
KN Za 17,/documents/636,ATTRIBUTED_EXACT_SOURCE_RECORD,SOURCE_REPORTED_PAGE_LOCATOR,4,52,https://cefael.efa.gr/detail.php?site_id=1&actionID=page&serie_id=EtCret&volume_number=21&issue_number=4&sp=52,,[],UNRESOLVED_EDITION_CONTENT_NOT_ACQUIRED,UNRESOLVED_EDITION_CONTENT_NOT_ACQUIRED,UNRESOLVED_NOT_RECONCILED,,,,false
KN Za 18,/documents/637,ATTRIBUTED_EXACT_SOURCE_RECORD,SOURCE_REPORTED_PAGE_LOCATOR,4,54,https://cefael.efa.gr/detail.php?site_id=1&actionID=page&serie_id=EtCret&volume_number=21&issue_number=4&sp=54,,[],UNRESOLVED_EDITION_CONTENT_NOT_ACQUIRED,UNRESOLVED_EDITION_CONTENT_NOT_ACQUIRED,UNRESOLVED_NOT_RECONCILED,,,,false
KN Zb 20,/documents/638,ATTRIBUTED_EXACT_SOURCE_RECORD,SOURCE_REPORTED_PAGE_LOCATOR,4,119,https://cefael.efa.gr/detail.php?site_id=1&actionID=page&serie_id=EtCret&volume_number=21&issue_number=4&sp=119,,[],UNRESOLVED_EDITION_CONTENT_NOT_ACQUIRED,UNRESOLVED_EDITION_CONTENT_NOT_ACQUIRED,UNRESOLVED_NOT_RECONCILED,,,,false
KN Zb 34,/documents/639,ATTRIBUTED_EXACT_SOURCE_RECORD,SOURCE_REPORTED_PAGE_LOCATOR,4,2121,https://cefael.efa.gr/detail.php?site_id=1&actionID=page&serie_id=EtCret&volume_number=21&issue_number=4&sp=2121,,[],UNRESOLVED_EDITION_CONTENT_NOT_ACQUIRED,UNRESOLVED_EDITION_CONTENT_NOT_ACQUIRED,UNRESOLVED_NOT_RECONCILED,,,,false
KN Zb 35,/documents/640,ATTRIBUTED_EXACT_SOURCE_RECORD,SOURCE_REPORTED_PAGE_LOCATOR,4,122,https://cefael.efa.gr/detail.php?site_id=1&actionID=page&serie_id=EtCret&volume_number=21&issue_number=4&sp=122,,[],UNRESOLVED_EDITION_CONTENT_NOT_ACQUIRED,UNRESOLVED_EDITION_CONTENT_NOT_ACQUIRED,UNRESOLVED_NOT_RECONCILED,,,,false
KN Zb 4,/documents/641,ATTRIBUTED_EXACT_SOURCE_RECORD,SOURCE_REPORTED_PAGE_LOCATOR,4,117,https://cefael.efa.gr/detail.php?site_id=1&actionID=page&serie_id=EtCret&volume_number=21&issue_number=4&sp=117,,[],UNRESOLVED_EDITION_CONTENT_NOT_ACQUIRED,UNRESOLVED_EDITION_CONTENT_NOT_ACQUIRED,UNRESOLVED_NOT_RECONCILED,,,,false
KN Zb 40,/documents/642,ATTRIBUTED_EXACT_SOURCE_RECORD,SOURCE_REPORTED_PAGE_LOCATOR,4,125,https://cefael.efa.gr/detail.php?site_id=1&actionID=page&serie_id=EtCret&volume_number=21&issue_number=4&sp=125,,[],UNRESOLVED_EDITION_CONTENT_NOT_ACQUIRED,UNRESOLVED_EDITION_CONTENT_NOT_ACQUIRED,UNRESOLVED_NOT_RECONCILED,,,,false
KN Zb 5,/documents/643,ATTRIBUTED_EXACT_SOURCE_RECORD,SOURCE_REPORTED_PAGE_LOCATOR,4,118,https://cefael.efa.gr/detail.php?site_id=1&actionID=page&serie_id=EtCret&volume_number=21&issue_number=4&sp=118,,[],UNRESOLVED_EDITION_CONTENT_NOT_ACQUIRED,UNRESOLVED_EDITION_CONTENT_NOT_ACQUIRED,UNRESOLVED_NOT_RECONCILED,,,,false
KN Zc 6,/documents/644,ATTRIBUTED_EXACT_SOURCE_RECORD,PRIMARY_CASE_PAGES_INSPECTED,4,161,https://cefael.efa.gr/detail.php?site_id=1&actionID=page&serie_id=EtCret&volume_number=21&issue_number=4&sp=161,U011,"[{""volume"":4,""printed_page"":119,""viewer_page"":161,""url"":""https://cefael.efa.gr/detail.php?site_id=1&actionID=page&serie_id=EtCret&volume_number=21&issue_number=4&sp=161"",""locally_inspected_page_sha256"":""fa1c2cb92baf4af28e7b22a11b3122a4ea5207f47fb8a52ec2ed2b8881ecb95e""},{""volume"":4,""printed_page"":120,""viewer_page"":162,""url"":""https://cefael.efa.gr/detail.php?site_id=1&actionID=page&serie_id=EtCret&volume_number=21&issue_number=4&sp=162"",""locally_inspected_page_sha256"":""46f9b9889e6313caff468b4ffff9d0ae4ad214cac4b13e0babd171f80a979884""}]",UNRESOLVED_EDITION_CONTENT_NOT_ACQUIRED,UNRESOLVED_EDITION_CONTENT_NOT_ACQUIRED,UNRESOLVED_NOT_RECONCILED,,,,false
KN Zc 7,/documents/645,ATTRIBUTED_EXACT_SOURCE_RECORD,SOURCE_REPORTED_PAGE_LOCATOR,4,165,https://cefael.efa.gr/detail.php?site_id=1&actionID=page&serie_id=EtCret&volume_number=21&issue_number=4&sp=165,,[],UNRESOLVED_EDITION_CONTENT_NOT_ACQUIRED,UNRESOLVED_EDITION_CONTENT_NOT_ACQUIRED,UNRESOLVED_NOT_RECONCILED,,,,false
KN Ze 16,/documents/646,ATTRIBUTED_EXACT_SOURCE_RECORD,SOURCE_REPORTED_PAGE_LOCATOR,4,180,https://cefael.efa.gr/detail.php?site_id=1&actionID=page&serie_id=EtCret&volume_number=21&issue_number=4&sp=180,,[],UNRESOLVED_EDITION_CONTENT_NOT_ACQUIRED,UNRESOLVED_EDITION_CONTENT_NOT_ACQUIRED,UNRESOLVED_NOT_RECONCILED,,,,false
KN Zf 13,/documents/647,ATTRIBUTED_EXACT_SOURCE_RECORD,SOURCE_REPORTED_PAGE_LOCATOR,4,194,https://cefael.efa.gr/detail.php?site_id=1&actionID=page&serie_id=EtCret&volume_number=21&issue_number=4&sp=194,,[],UNRESOLVED_EDITION_CONTENT_NOT_ACQUIRED,UNRESOLVED_EDITION_CONTENT_NOT_ACQUIRED,UNRESOLVED_NOT_RECONCILED,,,,false
KN Zg <21>,/documents/648,ATTRIBUTED_EXACT_SOURCE_RECORD,SOURCE_REPORTED_PAGE_LOCATOR,4,2206,https://cefael.efa.gr/detail.php?site_id=1&actionID=page&serie_id=EtCret&volume_number=21&issue_number=4&sp=2206,,[],UNRESOLVED_EDITION_CONTENT_NOT_ACQUIRED,UNRESOLVED_EDITION_CONTENT_NOT_ACQUIRED,UNRESOLVED_NOT_RECONCILED,,,,false
KY Zg 1,/documents/649,ATTRIBUTED_EXACT_SOURCE_RECORD,UNRESOLVED_NO_USABLE_REFERENCE,,,,,[],UNRESOLVED_EDITION_CONTENT_NOT_ACQUIRED,UNRESOLVED_EDITION_CONTENT_NOT_ACQUIRED,UNRESOLVED_NOT_RECONCILED,,,ABSENT,false
MA 10a,/documents/650,ATTRIBUTED_EXACT_SOURCE_RECORD,SOURCE_REPORTED_PAGE_LOCATOR,5,102,https://cefael.efa.gr/detail.php?site_id=1&actionID=page&serie_id=EtCret&volume_number=21&issue_number=5&sp=102,,[],UNRESOLVED_EDITION_CONTENT_NOT_ACQUIRED,UNRESOLVED_EDITION_CONTENT_NOT_ACQUIRED,UNRESOLVED_NOT_RECONCILED,,,,false
MA 10b,/documents/651,ATTRIBUTED_EXACT_SOURCE_RECORD,PRIMARY_CASE_PAGES_INSPECTED,5,102,https://cefael.efa.gr/detail.php?site_id=1&actionID=page&serie_id=EtCret&volume_number=21&issue_number=5&sp=102,U009,"[{""volume"":5,""printed_page"":50,""viewer_page"":102,""url"":""https://cefael.efa.gr/detail.php?site_id=1&actionID=page&serie_id=EtCret&volume_number=21&issue_number=5&sp=102"",""locally_inspected_page_sha256"":""1bfd8d5b34e37ee676664688980dba7500511f0608482e3ec7f77806133ff598""},{""volume"":5,""printed_page"":51,""viewer_page"":103,""url"":""https://cefael.efa.gr/detail.php?site_id=1&actionID=page&serie_id=EtCret&volume_number=21&issue_number=5&sp=103"",""locally_inspected_page_sha256"":""699d317553e448c0167f558b09b095229549b34f4f87645257632b1567dc620b""}]",UNRESOLVED_EDITION_CONTENT_NOT_ACQUIRED,UNRESOLVED_EDITION_CONTENT_NOT_ACQUIRED,UNRESOLVED_NOT_RECONCILED,,,,false
MA 10c,/documents/652,ATTRIBUTED_EXACT_SOURCE_RECORD,SOURCE_REPORTED_PAGE_LOCATOR,5,102,https://cefael.efa.gr/detail.php?site_id=1&actionID=page&serie_id=EtCret&volume_number=21&issue_number=5&sp=102,,[],UNRESOLVED_EDITION_CONTENT_NOT_ACQUIRED,UNRESOLVED_EDITION_CONTENT_NOT_ACQUIRED,UNRESOLVED_NOT_RECONCILED,,,,false
MA 10d,/documents/653,ATTRIBUTED_EXACT_SOURCE_RECORD,SOURCE_REPORTED_PAGE_LOCATOR,5,102,https://cefael.efa.gr/detail.php?site_id=1&actionID=page&serie_id=EtCret&volume_number=21&issue_number=5&sp=102,,[],UNRESOLVED_EDITION_CONTENT_NOT_ACQUIRED,UNRESOLVED_EDITION_CONTENT_NOT_ACQUIRED,UNRESOLVED_NOT_RECONCILED,,,,false
MA 1a,/documents/654,ATTRIBUTED_EXACT_SOURCE_RECORD,SOURCE_REPORTED_PAGE_LOCATOR,1,304,https://cefael.efa.gr/detail.php?site_id=1&actionID=page&serie_id=EtCret&volume_number=21&issue_number=1&sp=304,,[],UNRESOLVED_EDITION_CONTENT_NOT_ACQUIRED,UNRESOLVED_EDITION_CONTENT_NOT_ACQUIRED,UNRESOLVED_NOT_RECONCILED,,,,false
MA 1b,/documents/655,ATTRIBUTED_EXACT_SOURCE_RECORD,SOURCE_REPORTED_PAGE_LOCATOR,1,304,https://cefael.efa.gr/detail.php?site_id=1&actionID=page&serie_id=EtCret&volume_number=21&issue_number=1&sp=304,,[],UNRESOLVED_EDITION_CONTENT_NOT_ACQUIRED,UNRESOLVED_EDITION_CONTENT_NOT_ACQUIRED,UNRESOLVED_NOT_RECONCILED,,,,false
MA 1c,/documents/656,ATTRIBUTED_EXACT_SOURCE_RECORD,SOURCE_REPORTED_PAGE_LOCATOR,1,304,https://cefael.efa.gr/detail.php?site_id=1&actionID=page&serie_id=EtCret&volume_number=21&issue_number=1&sp=304,,[],UNRESOLVED_EDITION_CONTENT_NOT_ACQUIRED,UNRESOLVED_EDITION_CONTENT_NOT_ACQUIRED,UNRESOLVED_NOT_RECONCILED,,,,false
MA 2a,/documents/657,ATTRIBUTED_EXACT_SOURCE_RECORD,SOURCE_REPORTED_PAGE_LOCATOR,1,306,https://cefael.efa.gr/detail.php?site_id=1&actionID=page&serie_id=EtCret&volume_number=21&issue_number=1&sp=306,,[],UNRESOLVED_EDITION_CONTENT_NOT_ACQUIRED,UNRESOLVED_EDITION_CONTENT_NOT_ACQUIRED,UNRESOLVED_NOT_RECONCILED,,,,false
MA 2b,/documents/658,ATTRIBUTED_EXACT_SOURCE_RECORD,SOURCE_REPORTED_PAGE_LOCATOR,1,306,https://cefael.efa.gr/detail.php?site_id=1&actionID=page&serie_id=EtCret&volume_number=21&issue_number=1&sp=306,,[],UNRESOLVED_EDITION_CONTENT_NOT_ACQUIRED,UNRESOLVED_EDITION_CONTENT_NOT_ACQUIRED,UNRESOLVED_NOT_RECONCILED,,,,false
MA 2c,/documents/659,ATTRIBUTED_EXACT_SOURCE_RECORD,SOURCE_REPORTED_PAGE_LOCATOR,1,306,https://cefael.efa.gr/detail.php?site_id=1&actionID=page&serie_id=EtCret&volume_number=21&issue_number=1&sp=306,,[],UNRESOLVED_EDITION_CONTENT_NOT_ACQUIRED,UNRESOLVED_EDITION_CONTENT_NOT_ACQUIRED,UNRESOLVED_NOT_RECONCILED,,,,false
MA 4a,/documents/660,ATTRIBUTED_EXACT_SOURCE_RECORD,SOURCE_REPORTED_PAGE_LOCATOR,1,308,https://cefael.efa.gr/detail.php?site_id=1&actionID=page&serie_id=EtCret&volume_number=21&issue_number=1&sp=308,,[],UNRESOLVED_EDITION_CONTENT_NOT_ACQUIRED,UNRESOLVED_EDITION_CONTENT_NOT_ACQUIRED,UNRESOLVED_NOT_RECONCILED,,,,false
MA 4b,/documents/661,ATTRIBUTED_EXACT_SOURCE_RECORD,SOURCE_REPORTED_PAGE_LOCATOR,1,308,https://cefael.efa.gr/detail.php?site_id=1&actionID=page&serie_id=EtCret&volume_number=21&issue_number=1&sp=308,,[],UNRESOLVED_EDITION_CONTENT_NOT_ACQUIRED,UNRESOLVED_EDITION_CONTENT_NOT_ACQUIRED,UNRESOLVED_NOT_RECONCILED,,,,false
MA 6a,/documents/662,ATTRIBUTED_EXACT_SOURCE_RECORD,SOURCE_REPORTED_PAGE_LOCATOR,1,310,https://cefael.efa.gr/detail.php?site_id=1&actionID=page&serie_id=EtCret&volume_number=21&issue_number=1&sp=310,,[],UNRESOLVED_EDITION_CONTENT_NOT_ACQUIRED,UNRESOLVED_EDITION_CONTENT_NOT_ACQUIRED,UNRESOLVED_NOT_RECONCILED,,,,false
MA 6b,/documents/663,ATTRIBUTED_EXACT_SOURCE_RECORD,SOURCE_REPORTED_PAGE_LOCATOR,1,310,https://cefael.efa.gr/detail.php?site_id=1&actionID=page&serie_id=EtCret&volume_number=21&issue_number=1&sp=310,,[],UNRESOLVED_EDITION_CONTENT_NOT_ACQUIRED,UNRESOLVED_EDITION_CONTENT_NOT_ACQUIRED,UNRESOLVED_NOT_RECONCILED,,,,false
MA 6c,/documents/664,ATTRIBUTED_EXACT_SOURCE_RECORD,SOURCE_REPORTED_PAGE_LOCATOR,1,312,https://cefael.efa.gr/detail.php?site_id=1&actionID=page&serie_id=EtCret&volume_number=21&issue_number=1&sp=312,,[],UNRESOLVED_EDITION_CONTENT_NOT_ACQUIRED,UNRESOLVED_EDITION_CONTENT_NOT_ACQUIRED,UNRESOLVED_NOT_RECONCILED,,,,false
MA 6d,/documents/665,ATTRIBUTED_EXACT_SOURCE_RECORD,SOURCE_REPORTED_PAGE_LOCATOR,1,312,https://cefael.efa.gr/detail.php?site_id=1&actionID=page&serie_id=EtCret&volume_number=21&issue_number=1&sp=312,,[],UNRESOLVED_EDITION_CONTENT_NOT_ACQUIRED,UNRESOLVED_EDITION_CONTENT_NOT_ACQUIRED,UNRESOLVED_NOT_RECONCILED,,,,false
MA 9,/documents/666,ATTRIBUTED_EXACT_SOURCE_RECORD,SOURCE_REPORTED_PAGE_LOCATOR,1,314,https://cefael.efa.gr/detail.php?site_id=1&actionID=page&serie_id=EtCret&volume_number=21&issue_number=1&sp=314,,[],UNRESOLVED_EDITION_CONTENT_NOT_ACQUIRED,UNRESOLVED_EDITION_CONTENT_NOT_ACQUIRED,UNRESOLVED_NOT_RECONCILED,,,,false
MA Wc 7,/documents/667,ATTRIBUTED_EXACT_SOURCE_RECORD,SOURCE_REPORTED_PAGE_LOCATOR,2,148,https://cefael.efa.gr/detail.php?site_id=1&actionID=page&serie_id=EtCret&volume_number=21&issue_number=2&sp=148,,[],UNRESOLVED_EDITION_CONTENT_NOT_ACQUIRED,UNRESOLVED_EDITION_CONTENT_NOT_ACQUIRED,UNRESOLVED_NOT_RECONCILED,,,,false
MA Wc <5a>,/documents/668,ATTRIBUTED_EXACT_SOURCE_RECORD,SOURCE_REPORTED_PAGE_LOCATOR,2,148,https://cefael.efa.gr/detail.php?site_id=1&actionID=page&serie_id=EtCret&volume_number=21&issue_number=2&sp=148,,[],UNRESOLVED_EDITION_CONTENT_NOT_ACQUIRED,UNRESOLVED_EDITION_CONTENT_NOT_ACQUIRED,UNRESOLVED_NOT_RECONCILED,,,,false
MA Wc <5b>,/documents/669,ATTRIBUTED_EXACT_SOURCE_RECORD,SOURCE_REPORTED_PAGE_LOCATOR,2,148,https://cefael.efa.gr/detail.php?site_id=1&actionID=page&serie_id=EtCret&volume_number=21&issue_number=2&sp=148,,[],UNRESOLVED_EDITION_CONTENT_NOT_ACQUIRED,UNRESOLVED_EDITION_CONTENT_NOT_ACQUIRED,UNRESOLVED_NOT_RECONCILED,,,,false
MI 2,/documents/670,ATTRIBUTED_EXACT_SOURCE_RECORD,SOURCE_REPORTED_PAGE_LOCATOR,5,109,https://cefael.efa.gr/detail.php?site_id=1&actionID=page&serie_id=EtCret&volume_number=21&issue_number=5&sp=109,,[],UNRESOLVED_EDITION_CONTENT_NOT_ACQUIRED,UNRESOLVED_EDITION_CONTENT_NOT_ACQUIRED,UNRESOLVED_NOT_RECONCILED,,,,false
MY Zf 2,/documents/671,ATTRIBUTED_EXACT_SOURCE_RECORD,UNRESOLVED_NO_USABLE_REFERENCE,,,,,[],UNRESOLVED_EDITION_CONTENT_NOT_ACQUIRED,UNRESOLVED_EDITION_CONTENT_NOT_ACQUIRED,UNRESOLVED_NOT_RECONCILED,,,ABSENT,false
PA 1,/documents/672,ATTRIBUTED_EXACT_SOURCE_RECORD,SOURCE_REPORTED_PAGE_LOCATOR,1,320,https://cefael.efa.gr/detail.php?site_id=1&actionID=page&serie_id=EtCret&volume_number=21&issue_number=1&sp=320,,[],UNRESOLVED_EDITION_CONTENT_NOT_ACQUIRED,UNRESOLVED_EDITION_CONTENT_NOT_ACQUIRED,UNRESOLVED_NOT_RECONCILED,,,,false
PE 1,/documents/673,ATTRIBUTED_EXACT_SOURCE_RECORD,SOURCE_POINTS_TO_LATER_EDITION,,,,,[],UNRESOLVED_EDITION_CONTENT_NOT_ACQUIRED,UNRESOLVED_EDITION_CONTENT_NOT_ACQUIRED,SOURCE_REPORTED_PUBLICATION_SECTION_CANDIDATE,https://editions.efa.gr/?r=publication&id=1050,37,,false
PE 2,/documents/674,ATTRIBUTED_EXACT_SOURCE_RECORD,SOURCE_POINTS_TO_LATER_EDITION,,,,,[],UNRESOLVED_EDITION_CONTENT_NOT_ACQUIRED,UNRESOLVED_EDITION_CONTENT_NOT_ACQUIRED,SOURCE_REPORTED_PUBLICATION_SECTION_CANDIDATE,https://editions.efa.gr/?r=publication&id=1050,37,,false
PE 6,/documents/675,ATTRIBUTED_EXACT_SOURCE_RECORD,SOURCE_POINTS_TO_LATER_EDITION,,,,,[],UNRESOLVED_EDITION_CONTENT_NOT_ACQUIRED,UNRESOLVED_EDITION_CONTENT_NOT_ACQUIRED,SOURCE_REPORTED_PUBLICATION_SECTION_CANDIDATE,https://editions.efa.gr/?r=publication&id=1050,37,,false
PH 10,/documents/676,ATTRIBUTED_EXACT_SOURCE_RECORD,SOURCE_REPORTED_PAGE_LOCATOR,1,335,https://cefael.efa.gr/detail.php?site_id=1&actionID=page&serie_id=EtCret&volume_number=21&issue_number=1&sp=335,,[],UNRESOLVED_EDITION_CONTENT_NOT_ACQUIRED,UNRESOLVED_EDITION_CONTENT_NOT_ACQUIRED,UNRESOLVED_NOT_RECONCILED,,,,false
PH 12a,/documents/677,ATTRIBUTED_EXACT_SOURCE_RECORD,SOURCE_REPORTED_PAGE_LOCATOR,1,336,https://cefael.efa.gr/detail.php?site_id=1&actionID=page&serie_id=EtCret&volume_number=21&issue_number=1&sp=336,,[],UNRESOLVED_EDITION_CONTENT_NOT_ACQUIRED,UNRESOLVED_EDITION_CONTENT_NOT_ACQUIRED,UNRESOLVED_NOT_RECONCILED,,,,false
PH 12b,/documents/678,ATTRIBUTED_EXACT_SOURCE_RECORD,SOURCE_REPORTED_PAGE_LOCATOR,1,336,https://cefael.efa.gr/detail.php?site_id=1&actionID=page&serie_id=EtCret&volume_number=21&issue_number=1&sp=336,,[],UNRESOLVED_EDITION_CONTENT_NOT_ACQUIRED,UNRESOLVED_EDITION_CONTENT_NOT_ACQUIRED,UNRESOLVED_NOT_RECONCILED,,,,false
PH 12c,/documents/679,ATTRIBUTED_EXACT_SOURCE_RECORD,SOURCE_REPORTED_PAGE_LOCATOR,1,336,https://cefael.efa.gr/detail.php?site_id=1&actionID=page&serie_id=EtCret&volume_number=21&issue_number=1&sp=336,,[],UNRESOLVED_EDITION_CONTENT_NOT_ACQUIRED,UNRESOLVED_EDITION_CONTENT_NOT_ACQUIRED,UNRESOLVED_NOT_RECONCILED,,,,false
PH 13a,/documents/680,ATTRIBUTED_EXACT_SOURCE_RECORD,SOURCE_REPORTED_PAGE_LOCATOR,1,338,https://cefael.efa.gr/detail.php?site_id=1&actionID=page&serie_id=EtCret&volume_number=21&issue_number=1&sp=338,,[],UNRESOLVED_EDITION_CONTENT_NOT_ACQUIRED,UNRESOLVED_EDITION_CONTENT_NOT_ACQUIRED,UNRESOLVED_NOT_RECONCILED,,,,false
PH 13b,/documents/681,ATTRIBUTED_EXACT_SOURCE_RECORD,SOURCE_REPORTED_PAGE_LOCATOR,1,338,https://cefael.efa.gr/detail.php?site_id=1&actionID=page&serie_id=EtCret&volume_number=21&issue_number=1&sp=338,,[],UNRESOLVED_EDITION_CONTENT_NOT_ACQUIRED,UNRESOLVED_EDITION_CONTENT_NOT_ACQUIRED,UNRESOLVED_NOT_RECONCILED,,,,false
PH 13c,/documents/682,ATTRIBUTED_EXACT_SOURCE_RECORD,SOURCE_REPORTED_PAGE_LOCATOR,1,338,https://cefael.efa.gr/detail.php?site_id=1&actionID=page&serie_id=EtCret&volume_number=21&issue_number=1&sp=338,,[],UNRESOLVED_EDITION_CONTENT_NOT_ACQUIRED,UNRESOLVED_EDITION_CONTENT_NOT_ACQUIRED,UNRESOLVED_NOT_RECONCILED,,,,false
PH 14a,/documents/683,ATTRIBUTED_EXACT_SOURCE_RECORD,SOURCE_REPORTED_PAGE_LOCATOR,1,340,https://cefael.efa.gr/detail.php?site_id=1&actionID=page&serie_id=EtCret&volume_number=21&issue_number=1&sp=340,,[],UNRESOLVED_EDITION_CONTENT_NOT_ACQUIRED,UNRESOLVED_EDITION_CONTENT_NOT_ACQUIRED,UNRESOLVED_NOT_RECONCILED,,,,false
PH 14b,/documents/684,ATTRIBUTED_EXACT_SOURCE_RECORD,SOURCE_REPORTED_PAGE_LOCATOR,1,340,https://cefael.efa.gr/detail.php?site_id=1&actionID=page&serie_id=EtCret&volume_number=21&issue_number=1&sp=340,,[],UNRESOLVED_EDITION_CONTENT_NOT_ACQUIRED,UNRESOLVED_EDITION_CONTENT_NOT_ACQUIRED,UNRESOLVED_NOT_RECONCILED,,,,false
PH 15a,/documents/685,ATTRIBUTED_EXACT_SOURCE_RECORD,SOURCE_REPORTED_PAGE_LOCATOR,1,340,https://cefael.efa.gr/detail.php?site_id=1&actionID=page&serie_id=EtCret&volume_number=21&issue_number=1&sp=340,,[],UNRESOLVED_EDITION_CONTENT_NOT_ACQUIRED,UNRESOLVED_EDITION_CONTENT_NOT_ACQUIRED,UNRESOLVED_NOT_RECONCILED,,,,false
PH 15b,/documents/686,ATTRIBUTED_EXACT_SOURCE_RECORD,SOURCE_REPORTED_PAGE_LOCATOR,1,340,https://cefael.efa.gr/detail.php?site_id=1&actionID=page&serie_id=EtCret&volume_number=21&issue_number=1&sp=340,,[],UNRESOLVED_EDITION_CONTENT_NOT_ACQUIRED,UNRESOLVED_EDITION_CONTENT_NOT_ACQUIRED,UNRESOLVED_NOT_RECONCILED,,,,false
PH 16a,/documents/687,ATTRIBUTED_EXACT_SOURCE_RECORD,SOURCE_REPORTED_PAGE_LOCATOR,1,342,https://cefael.efa.gr/detail.php?site_id=1&actionID=page&serie_id=EtCret&volume_number=21&issue_number=1&sp=342,,[],UNRESOLVED_EDITION_CONTENT_NOT_ACQUIRED,UNRESOLVED_EDITION_CONTENT_NOT_ACQUIRED,UNRESOLVED_NOT_RECONCILED,,,,false
PH 16b,/documents/688,ATTRIBUTED_EXACT_SOURCE_RECORD,SOURCE_REPORTED_PAGE_LOCATOR,1,342,https://cefael.efa.gr/detail.php?site_id=1&actionID=page&serie_id=EtCret&volume_number=21&issue_number=1&sp=342,,[],UNRESOLVED_EDITION_CONTENT_NOT_ACQUIRED,UNRESOLVED_EDITION_CONTENT_NOT_ACQUIRED,UNRESOLVED_NOT_RECONCILED,,,,false
PH 17a,/documents/689,ATTRIBUTED_EXACT_SOURCE_RECORD,SOURCE_REPORTED_PAGE_LOCATOR,1,342,https://cefael.efa.gr/detail.php?site_id=1&actionID=page&serie_id=EtCret&volume_number=21&issue_number=1&sp=342,,[],UNRESOLVED_EDITION_CONTENT_NOT_ACQUIRED,UNRESOLVED_EDITION_CONTENT_NOT_ACQUIRED,UNRESOLVED_NOT_RECONCILED,,,,false
PH 17b,/documents/690,ATTRIBUTED_EXACT_SOURCE_RECORD,SOURCE_REPORTED_PAGE_LOCATOR,1,342,https://cefael.efa.gr/detail.php?site_id=1&actionID=page&serie_id=EtCret&volume_number=21&issue_number=1&sp=342,,[],UNRESOLVED_EDITION_CONTENT_NOT_ACQUIRED,UNRESOLVED_EDITION_CONTENT_NOT_ACQUIRED,UNRESOLVED_NOT_RECONCILED,,,,false
PH 18a,/documents/691,ATTRIBUTED_EXACT_SOURCE_RECORD,SOURCE_REPORTED_PAGE_LOCATOR,1,344,https://cefael.efa.gr/detail.php?site_id=1&actionID=page&serie_id=EtCret&volume_number=21&issue_number=1&sp=344,,[],UNRESOLVED_EDITION_CONTENT_NOT_ACQUIRED,UNRESOLVED_EDITION_CONTENT_NOT_ACQUIRED,UNRESOLVED_NOT_RECONCILED,,,,false
PH 18b,/documents/692,ATTRIBUTED_EXACT_SOURCE_RECORD,SOURCE_REPORTED_PAGE_LOCATOR,1,344,https://cefael.efa.gr/detail.php?site_id=1&actionID=page&serie_id=EtCret&volume_number=21&issue_number=1&sp=344,,[],UNRESOLVED_EDITION_CONTENT_NOT_ACQUIRED,UNRESOLVED_EDITION_CONTENT_NOT_ACQUIRED,UNRESOLVED_NOT_RECONCILED,,,,false
PH 19,/documents/693,ATTRIBUTED_EXACT_SOURCE_RECORD,SOURCE_REPORTED_PAGE_LOCATOR,1,344,https://cefael.efa.gr/detail.php?site_id=1&actionID=page&serie_id=EtCret&volume_number=21&issue_number=1&sp=344,,[],UNRESOLVED_EDITION_CONTENT_NOT_ACQUIRED,UNRESOLVED_EDITION_CONTENT_NOT_ACQUIRED,UNRESOLVED_NOT_RECONCILED,,,,false
PH 1a,/documents/694,ATTRIBUTED_EXACT_SOURCE_RECORD,SOURCE_REPORTED_PAGE_LOCATOR,1,322,https://cefael.efa.gr/detail.php?site_id=1&actionID=page&serie_id=EtCret&volume_number=21&issue_number=1&sp=322,,[],UNRESOLVED_EDITION_CONTENT_NOT_ACQUIRED,UNRESOLVED_EDITION_CONTENT_NOT_ACQUIRED,UNRESOLVED_NOT_RECONCILED,,,,false
PH 1b,/documents/695,ATTRIBUTED_EXACT_SOURCE_RECORD,SOURCE_REPORTED_PAGE_LOCATOR,1,322,https://cefael.efa.gr/detail.php?site_id=1&actionID=page&serie_id=EtCret&volume_number=21&issue_number=1&sp=322,,[],UNRESOLVED_EDITION_CONTENT_NOT_ACQUIRED,UNRESOLVED_EDITION_CONTENT_NOT_ACQUIRED,UNRESOLVED_NOT_RECONCILED,,,,false
PH 2,/documents/696,ATTRIBUTED_EXACT_SOURCE_RECORD,SOURCE_REPORTED_PAGE_LOCATOR,1,324,https://cefael.efa.gr/detail.php?site_id=1&actionID=page&serie_id=EtCret&volume_number=21&issue_number=1&sp=324,,[],UNRESOLVED_EDITION_CONTENT_NOT_ACQUIRED,UNRESOLVED_EDITION_CONTENT_NOT_ACQUIRED,UNRESOLVED_NOT_RECONCILED,,,,false
PH 22a,/documents/697,ATTRIBUTED_EXACT_SOURCE_RECORD,SOURCE_REPORTED_PAGE_LOCATOR,1,346,https://cefael.efa.gr/detail.php?site_id=1&actionID=page&serie_id=EtCret&volume_number=21&issue_number=1&sp=346,,[],UNRESOLVED_EDITION_CONTENT_NOT_ACQUIRED,UNRESOLVED_EDITION_CONTENT_NOT_ACQUIRED,UNRESOLVED_NOT_RECONCILED,,,,false
PH 22b,/documents/698,ATTRIBUTED_EXACT_SOURCE_RECORD,SOURCE_REPORTED_PAGE_LOCATOR,1,346,https://cefael.efa.gr/detail.php?site_id=1&actionID=page&serie_id=EtCret&volume_number=21&issue_number=1&sp=346,,[],UNRESOLVED_EDITION_CONTENT_NOT_ACQUIRED,UNRESOLVED_EDITION_CONTENT_NOT_ACQUIRED,UNRESOLVED_NOT_RECONCILED,,,,false
PH 24,/documents/699,ATTRIBUTED_EXACT_SOURCE_RECORD,SOURCE_REPORTED_PAGE_LOCATOR,1,346,https://cefael.efa.gr/detail.php?site_id=1&actionID=page&serie_id=EtCret&volume_number=21&issue_number=1&sp=346,,[],UNRESOLVED_EDITION_CONTENT_NOT_ACQUIRED,UNRESOLVED_EDITION_CONTENT_NOT_ACQUIRED,UNRESOLVED_NOT_RECONCILED,,,,false
PH 25,/documents/700,ATTRIBUTED_EXACT_SOURCE_RECORD,SOURCE_REPORTED_PAGE_LOCATOR,1,346,https://cefael.efa.gr/detail.php?site_id=1&actionID=page&serie_id=EtCret&volume_number=21&issue_number=1&sp=346,,[],UNRESOLVED_EDITION_CONTENT_NOT_ACQUIRED,UNRESOLVED_EDITION_CONTENT_NOT_ACQUIRED,UNRESOLVED_NOT_RECONCILED,,,,false
PH 26,/documents/701,ATTRIBUTED_EXACT_SOURCE_RECORD,SOURCE_REPORTED_PAGE_LOCATOR,1,348,https://cefael.efa.gr/detail.php?site_id=1&actionID=page&serie_id=EtCret&volume_number=21&issue_number=1&sp=348,,[],UNRESOLVED_EDITION_CONTENT_NOT_ACQUIRED,UNRESOLVED_EDITION_CONTENT_NOT_ACQUIRED,UNRESOLVED_NOT_RECONCILED,,,,false
PH 27,/documents/702,ATTRIBUTED_EXACT_SOURCE_RECORD,SOURCE_REPORTED_PAGE_LOCATOR,1,348,https://cefael.efa.gr/detail.php?site_id=1&actionID=page&serie_id=EtCret&volume_number=21&issue_number=1&sp=348,,[],UNRESOLVED_EDITION_CONTENT_NOT_ACQUIRED,UNRESOLVED_EDITION_CONTENT_NOT_ACQUIRED,UNRESOLVED_NOT_RECONCILED,,,,false
PH 28a,/documents/703,ATTRIBUTED_EXACT_SOURCE_RECORD,SOURCE_REPORTED_PAGE_LOCATOR,1,350,https://cefael.efa.gr/detail.php?site_id=1&actionID=page&serie_id=EtCret&volume_number=21&issue_number=1&sp=350,,[],UNRESOLVED_EDITION_CONTENT_NOT_ACQUIRED,UNRESOLVED_EDITION_CONTENT_NOT_ACQUIRED,UNRESOLVED_NOT_RECONCILED,,,,false
PH 28b,/documents/704,ATTRIBUTED_EXACT_SOURCE_RECORD,SOURCE_REPORTED_PAGE_LOCATOR,1,350,https://cefael.efa.gr/detail.php?site_id=1&actionID=page&serie_id=EtCret&volume_number=21&issue_number=1&sp=350,,[],UNRESOLVED_EDITION_CONTENT_NOT_ACQUIRED,UNRESOLVED_EDITION_CONTENT_NOT_ACQUIRED,UNRESOLVED_NOT_RECONCILED,,,,false
PH 29a,/documents/705,ATTRIBUTED_EXACT_SOURCE_RECORD,SOURCE_REPORTED_PAGE_LOCATOR,1,352,https://cefael.efa.gr/detail.php?site_id=1&actionID=page&serie_id=EtCret&volume_number=21&issue_number=1&sp=352,,[],UNRESOLVED_EDITION_CONTENT_NOT_ACQUIRED,UNRESOLVED_EDITION_CONTENT_NOT_ACQUIRED,UNRESOLVED_NOT_RECONCILED,,,,false
PH 29b,/documents/706,ATTRIBUTED_EXACT_SOURCE_RECORD,SOURCE_REPORTED_PAGE_LOCATOR,1,352,https://cefael.efa.gr/detail.php?site_id=1&actionID=page&serie_id=EtCret&volume_number=21&issue_number=1&sp=352,,[],UNRESOLVED_EDITION_CONTENT_NOT_ACQUIRED,UNRESOLVED_EDITION_CONTENT_NOT_ACQUIRED,UNRESOLVED_NOT_RECONCILED,,,,false
PH 30,/documents/707,ATTRIBUTED_EXACT_SOURCE_RECORD,SOURCE_REPORTED_PAGE_LOCATOR,1,352,https://cefael.efa.gr/detail.php?site_id=1&actionID=page&serie_id=EtCret&volume_number=21&issue_number=1&sp=352,,[],UNRESOLVED_EDITION_CONTENT_NOT_ACQUIRED,UNRESOLVED_EDITION_CONTENT_NOT_ACQUIRED,UNRESOLVED_NOT_RECONCILED,,,,false
PH 31a,/documents/708,ATTRIBUTED_EXACT_SOURCE_RECORD,SOURCE_REPORTED_PAGE_LOCATOR,1,354,https://cefael.efa.gr/detail.php?site_id=1&actionID=page&serie_id=EtCret&volume_number=21&issue_number=1&sp=354,,[],UNRESOLVED_EDITION_CONTENT_NOT_ACQUIRED,UNRESOLVED_EDITION_CONTENT_NOT_ACQUIRED,UNRESOLVED_NOT_RECONCILED,,,,false
PH 31b,/documents/709,ATTRIBUTED_EXACT_SOURCE_RECORD,SOURCE_REPORTED_PAGE_LOCATOR,1,354,https://cefael.efa.gr/detail.php?site_id=1&actionID=page&serie_id=EtCret&volume_number=21&issue_number=1&sp=354,,[],UNRESOLVED_EDITION_CONTENT_NOT_ACQUIRED,UNRESOLVED_EDITION_CONTENT_NOT_ACQUIRED,UNRESOLVED_NOT_RECONCILED,,,,false
PH 3a,/documents/710,ATTRIBUTED_EXACT_SOURCE_RECORD,SOURCE_REPORTED_PAGE_LOCATOR,1,326,https://cefael.efa.gr/detail.php?site_id=1&actionID=page&serie_id=EtCret&volume_number=21&issue_number=1&sp=326,,[],UNRESOLVED_EDITION_CONTENT_NOT_ACQUIRED,UNRESOLVED_EDITION_CONTENT_NOT_ACQUIRED,UNRESOLVED_NOT_RECONCILED,,,,false
PH 3b,/documents/711,ATTRIBUTED_EXACT_SOURCE_RECORD,SOURCE_REPORTED_PAGE_LOCATOR,1,326,https://cefael.efa.gr/detail.php?site_id=1&actionID=page&serie_id=EtCret&volume_number=21&issue_number=1&sp=326,,[],UNRESOLVED_EDITION_CONTENT_NOT_ACQUIRED,UNRESOLVED_EDITION_CONTENT_NOT_ACQUIRED,UNRESOLVED_NOT_RECONCILED,,,,false
PH 54,/documents/712,ATTRIBUTED_EXACT_SOURCE_RECORD,SOURCE_POINTS_TO_LATER_EDITION,,,,,[],UNRESOLVED_EDITION_CONTENT_NOT_ACQUIRED,UNRESOLVED_EDITION_CONTENT_NOT_ACQUIRED,SOURCE_REPORTED_PUBLICATION_SECTION_CANDIDATE,https://editions.efa.gr/?r=publication&id=1050,45,,false
PH 6,/documents/713,ATTRIBUTED_EXACT_SOURCE_RECORD,SOURCE_REPORTED_PAGE_LOCATOR,1,328,https://cefael.efa.gr/detail.php?site_id=1&actionID=page&serie_id=EtCret&volume_number=21&issue_number=1&sp=328,,[],UNRESOLVED_EDITION_CONTENT_NOT_ACQUIRED,UNRESOLVED_EDITION_CONTENT_NOT_ACQUIRED,UNRESOLVED_NOT_RECONCILED,,,,false
PH 7a,/documents/714,ATTRIBUTED_EXACT_SOURCE_RECORD,SOURCE_REPORTED_PAGE_LOCATOR,1,330,https://cefael.efa.gr/detail.php?site_id=1&actionID=page&serie_id=EtCret&volume_number=21&issue_number=1&sp=330,,[],UNRESOLVED_EDITION_CONTENT_NOT_ACQUIRED,UNRESOLVED_EDITION_CONTENT_NOT_ACQUIRED,UNRESOLVED_NOT_RECONCILED,,,,false
PH 7b,/documents/715,ATTRIBUTED_EXACT_SOURCE_RECORD,SOURCE_REPORTED_PAGE_LOCATOR,1,330,https://cefael.efa.gr/detail.php?site_id=1&actionID=page&serie_id=EtCret&volume_number=21&issue_number=1&sp=330,,[],UNRESOLVED_EDITION_CONTENT_NOT_ACQUIRED,UNRESOLVED_EDITION_CONTENT_NOT_ACQUIRED,UNRESOLVED_NOT_RECONCILED,,,,false
PH 8a,/documents/716,ATTRIBUTED_EXACT_SOURCE_RECORD,SOURCE_REPORTED_PAGE_LOCATOR,1,332,https://cefael.efa.gr/detail.php?site_id=1&actionID=page&serie_id=EtCret&volume_number=21&issue_number=1&sp=332,,[],UNRESOLVED_EDITION_CONTENT_NOT_ACQUIRED,UNRESOLVED_EDITION_CONTENT_NOT_ACQUIRED,UNRESOLVED_NOT_RECONCILED,,,,false
PH 8b,/documents/717,ATTRIBUTED_EXACT_SOURCE_RECORD,SOURCE_REPORTED_PAGE_LOCATOR,1,332,https://cefael.efa.gr/detail.php?site_id=1&actionID=page&serie_id=EtCret&volume_number=21&issue_number=1&sp=332,,[],UNRESOLVED_EDITION_CONTENT_NOT_ACQUIRED,UNRESOLVED_EDITION_CONTENT_NOT_ACQUIRED,UNRESOLVED_NOT_RECONCILED,,,,false
PH 9a,/documents/718,ATTRIBUTED_EXACT_SOURCE_RECORD,SOURCE_REPORTED_PAGE_LOCATOR,1,334,https://cefael.efa.gr/detail.php?site_id=1&actionID=page&serie_id=EtCret&volume_number=21&issue_number=1&sp=334,,[],UNRESOLVED_EDITION_CONTENT_NOT_ACQUIRED,UNRESOLVED_EDITION_CONTENT_NOT_ACQUIRED,UNRESOLVED_NOT_RECONCILED,,,,false
PH 9b,/documents/719,ATTRIBUTED_EXACT_SOURCE_RECORD,SOURCE_REPORTED_PAGE_LOCATOR,1,334,https://cefael.efa.gr/detail.php?site_id=1&actionID=page&serie_id=EtCret&volume_number=21&issue_number=1&sp=334,,[],UNRESOLVED_EDITION_CONTENT_NOT_ACQUIRED,UNRESOLVED_EDITION_CONTENT_NOT_ACQUIRED,UNRESOLVED_NOT_RECONCILED,,,,false
PH Wa 32,/documents/720,ATTRIBUTED_EXACT_SOURCE_RECORD,SOURCE_REPORTED_PAGE_LOCATOR,2,150,https://cefael.efa.gr/detail.php?site_id=1&actionID=page&serie_id=EtCret&volume_number=21&issue_number=2&sp=150,,[],UNRESOLVED_EDITION_CONTENT_NOT_ACQUIRED,UNRESOLVED_EDITION_CONTENT_NOT_ACQUIRED,UNRESOLVED_NOT_RECONCILED,,,,false
PH Wb 33a,/documents/721,ATTRIBUTED_EXACT_SOURCE_RECORD,SOURCE_REPORTED_PAGE_LOCATOR,2,152,https://cefael.efa.gr/detail.php?site_id=1&actionID=page&serie_id=EtCret&volume_number=21&issue_number=2&sp=152,,[],UNRESOLVED_EDITION_CONTENT_NOT_ACQUIRED,UNRESOLVED_EDITION_CONTENT_NOT_ACQUIRED,UNRESOLVED_NOT_RECONCILED,,,,false
PH Wb 33b,/documents/722,ATTRIBUTED_EXACT_SOURCE_RECORD,SOURCE_REPORTED_PAGE_LOCATOR,2,152,https://cefael.efa.gr/detail.php?site_id=1&actionID=page&serie_id=EtCret&volume_number=21&issue_number=2&sp=152,,[],UNRESOLVED_EDITION_CONTENT_NOT_ACQUIRED,UNRESOLVED_EDITION_CONTENT_NOT_ACQUIRED,UNRESOLVED_NOT_RECONCILED,,,,false
PH Wb 34,/documents/723,ATTRIBUTED_EXACT_SOURCE_RECORD,SOURCE_REPORTED_PAGE_LOCATOR,2,152,https://cefael.efa.gr/detail.php?site_id=1&actionID=page&serie_id=EtCret&volume_number=21&issue_number=2&sp=152,,[],UNRESOLVED_EDITION_CONTENT_NOT_ACQUIRED,UNRESOLVED_EDITION_CONTENT_NOT_ACQUIRED,UNRESOLVED_NOT_RECONCILED,,,,false
PH Wb 35,/documents/724,ATTRIBUTED_EXACT_SOURCE_RECORD,SOURCE_REPORTED_PAGE_LOCATOR,2,152,https://cefael.efa.gr/detail.php?site_id=1&actionID=page&serie_id=EtCret&volume_number=21&issue_number=2&sp=152,,[],UNRESOLVED_EDITION_CONTENT_NOT_ACQUIRED,UNRESOLVED_EDITION_CONTENT_NOT_ACQUIRED,UNRESOLVED_NOT_RECONCILED,,,,false
PH Wb 36,/documents/725,ATTRIBUTED_EXACT_SOURCE_RECORD,SOURCE_REPORTED_PAGE_LOCATOR,2,152,https://cefael.efa.gr/detail.php?site_id=1&actionID=page&serie_id=EtCret&volume_number=21&issue_number=2&sp=152,,[],UNRESOLVED_EDITION_CONTENT_NOT_ACQUIRED,UNRESOLVED_EDITION_CONTENT_NOT_ACQUIRED,UNRESOLVED_NOT_RECONCILED,,,,false
PH Wc 37a,/documents/726,ATTRIBUTED_EXACT_SOURCE_RECORD,SOURCE_REPORTED_PAGE_LOCATOR,2,154,https://cefael.efa.gr/detail.php?site_id=1&actionID=page&serie_id=EtCret&volume_number=21&issue_number=2&sp=154,,[],UNRESOLVED_EDITION_CONTENT_NOT_ACQUIRED,UNRESOLVED_EDITION_CONTENT_NOT_ACQUIRED,UNRESOLVED_NOT_RECONCILED,,,,false
PH Wc 37b,/documents/727,ATTRIBUTED_EXACT_SOURCE_RECORD,SOURCE_REPORTED_PAGE_LOCATOR,2,154,https://cefael.efa.gr/detail.php?site_id=1&actionID=page&serie_id=EtCret&volume_number=21&issue_number=2&sp=154,,[],UNRESOLVED_EDITION_CONTENT_NOT_ACQUIRED,UNRESOLVED_EDITION_CONTENT_NOT_ACQUIRED,UNRESOLVED_NOT_RECONCILED,,,,false
PH Wc 38,/documents/728,ATTRIBUTED_EXACT_SOURCE_RECORD,SOURCE_REPORTED_PAGE_LOCATOR,2,154,https://cefael.efa.gr/detail.php?site_id=1&actionID=page&serie_id=EtCret&volume_number=21&issue_number=2&sp=154,,[],UNRESOLVED_EDITION_CONTENT_NOT_ACQUIRED,UNRESOLVED_EDITION_CONTENT_NOT_ACQUIRED,UNRESOLVED_NOT_RECONCILED,,,,false
PH Wc 39a,/documents/729,ATTRIBUTED_EXACT_SOURCE_RECORD,SOURCE_REPORTED_PAGE_LOCATOR,2,154,https://cefael.efa.gr/detail.php?site_id=1&actionID=page&serie_id=EtCret&volume_number=21&issue_number=2&sp=154,,[],UNRESOLVED_EDITION_CONTENT_NOT_ACQUIRED,UNRESOLVED_EDITION_CONTENT_NOT_ACQUIRED,UNRESOLVED_NOT_RECONCILED,,,,false
PH Wc 39b,/documents/730,ATTRIBUTED_EXACT_SOURCE_RECORD,SOURCE_REPORTED_PAGE_LOCATOR,2,154,https://cefael.efa.gr/detail.php?site_id=1&actionID=page&serie_id=EtCret&volume_number=21&issue_number=2&sp=154,,[],UNRESOLVED_EDITION_CONTENT_NOT_ACQUIRED,UNRESOLVED_EDITION_CONTENT_NOT_ACQUIRED,UNRESOLVED_NOT_RECONCILED,,,,false
PH Wc 40a,/documents/731,ATTRIBUTED_EXACT_SOURCE_RECORD,SOURCE_REPORTED_PAGE_LOCATOR,2,155,https://cefael.efa.gr/detail.php?site_id=1&actionID=page&serie_id=EtCret&volume_number=21&issue_number=2&sp=155,,[],UNRESOLVED_EDITION_CONTENT_NOT_ACQUIRED,UNRESOLVED_EDITION_CONTENT_NOT_ACQUIRED,UNRESOLVED_NOT_RECONCILED,,,,false
PH Wc 40b,/documents/732,ATTRIBUTED_EXACT_SOURCE_RECORD,SOURCE_REPORTED_PAGE_LOCATOR,2,155,https://cefael.efa.gr/detail.php?site_id=1&actionID=page&serie_id=EtCret&volume_number=21&issue_number=2&sp=155,,[],UNRESOLVED_EDITION_CONTENT_NOT_ACQUIRED,UNRESOLVED_EDITION_CONTENT_NOT_ACQUIRED,UNRESOLVED_NOT_RECONCILED,,,,false
PH Wc 41,/documents/733,ATTRIBUTED_EXACT_SOURCE_RECORD,SOURCE_REPORTED_PAGE_LOCATOR,2,155,https://cefael.efa.gr/detail.php?site_id=1&actionID=page&serie_id=EtCret&volume_number=21&issue_number=2&sp=155,,[],UNRESOLVED_EDITION_CONTENT_NOT_ACQUIRED,UNRESOLVED_EDITION_CONTENT_NOT_ACQUIRED,UNRESOLVED_NOT_RECONCILED,,,,false
PH Wc 42,/documents/734,ATTRIBUTED_EXACT_SOURCE_RECORD,SOURCE_REPORTED_PAGE_LOCATOR,2,155,https://cefael.efa.gr/detail.php?site_id=1&actionID=page&serie_id=EtCret&volume_number=21&issue_number=2&sp=155,,[],UNRESOLVED_EDITION_CONTENT_NOT_ACQUIRED,UNRESOLVED_EDITION_CONTENT_NOT_ACQUIRED,UNRESOLVED_NOT_RECONCILED,,,,false
PH Wc 43,/documents/735,ATTRIBUTED_EXACT_SOURCE_RECORD,SOURCE_REPORTED_PAGE_LOCATOR,2,155,https://cefael.efa.gr/detail.php?site_id=1&actionID=page&serie_id=EtCret&volume_number=21&issue_number=2&sp=155,,[],UNRESOLVED_EDITION_CONTENT_NOT_ACQUIRED,UNRESOLVED_EDITION_CONTENT_NOT_ACQUIRED,UNRESOLVED_NOT_RECONCILED,,,,false
PH Wc 44,/documents/736,ATTRIBUTED_EXACT_SOURCE_RECORD,SOURCE_REPORTED_PAGE_LOCATOR,2,156,https://cefael.efa.gr/detail.php?site_id=1&actionID=page&serie_id=EtCret&volume_number=21&issue_number=2&sp=156,,[],UNRESOLVED_EDITION_CONTENT_NOT_ACQUIRED,UNRESOLVED_EDITION_CONTENT_NOT_ACQUIRED,UNRESOLVED_NOT_RECONCILED,,,,false
PH Wc 45,/documents/737,ATTRIBUTED_EXACT_SOURCE_RECORD,SOURCE_REPORTED_PAGE_LOCATOR,2,156,https://cefael.efa.gr/detail.php?site_id=1&actionID=page&serie_id=EtCret&volume_number=21&issue_number=2&sp=156,,[],UNRESOLVED_EDITION_CONTENT_NOT_ACQUIRED,UNRESOLVED_EDITION_CONTENT_NOT_ACQUIRED,UNRESOLVED_NOT_RECONCILED,,,,false
PH Wc 46,/documents/738,ATTRIBUTED_EXACT_SOURCE_RECORD,SOURCE_REPORTED_PAGE_LOCATOR,2,156,https://cefael.efa.gr/detail.php?site_id=1&actionID=page&serie_id=EtCret&volume_number=21&issue_number=2&sp=156,,[],UNRESOLVED_EDITION_CONTENT_NOT_ACQUIRED,UNRESOLVED_EDITION_CONTENT_NOT_ACQUIRED,UNRESOLVED_NOT_RECONCILED,,,,false
PH Wc <47>,/documents/739,ATTRIBUTED_EXACT_SOURCE_RECORD,SOURCE_REPORTED_PAGE_LOCATOR,2,156,https://cefael.efa.gr/detail.php?site_id=1&actionID=page&serie_id=EtCret&volume_number=21&issue_number=2&sp=156,,[],UNRESOLVED_EDITION_CONTENT_NOT_ACQUIRED,UNRESOLVED_EDITION_CONTENT_NOT_ACQUIRED,UNRESOLVED_NOT_RECONCILED,,,,false
PK 1a,/documents/740,ATTRIBUTED_EXACT_SOURCE_RECORD,SOURCE_REPORTED_PAGE_LOCATOR,1,316,https://cefael.efa.gr/detail.php?site_id=1&actionID=page&serie_id=EtCret&volume_number=21&issue_number=1&sp=316,,[],UNRESOLVED_EDITION_CONTENT_NOT_ACQUIRED,UNRESOLVED_EDITION_CONTENT_NOT_ACQUIRED,UNRESOLVED_NOT_RECONCILED,,,,false
PK 1b,/documents/741,ATTRIBUTED_EXACT_SOURCE_RECORD,SOURCE_REPORTED_PAGE_LOCATOR,1,316,https://cefael.efa.gr/detail.php?site_id=1&actionID=page&serie_id=EtCret&volume_number=21&issue_number=1&sp=316,,[],UNRESOLVED_EDITION_CONTENT_NOT_ACQUIRED,UNRESOLVED_EDITION_CONTENT_NOT_ACQUIRED,UNRESOLVED_NOT_RECONCILED,,,,false
PS Za 2,/documents/742,ATTRIBUTED_EXACT_SOURCE_RECORD,SOURCE_REPORTED_PAGE_LOCATOR,4,94,https://cefael.efa.gr/detail.php?site_id=1&actionID=page&serie_id=EtCret&volume_number=21&issue_number=4&sp=94,,[],UNRESOLVED_EDITION_CONTENT_NOT_ACQUIRED,UNRESOLVED_EDITION_CONTENT_NOT_ACQUIRED,UNRESOLVED_NOT_RECONCILED,,,,false
PYR 1,/documents/743,ATTRIBUTED_EXACT_SOURCE_RECORD,UNRESOLVED_NO_USABLE_REFERENCE,,,,,[],UNRESOLVED_EDITION_CONTENT_NOT_ACQUIRED,UNRESOLVED_EDITION_CONTENT_NOT_ACQUIRED,UNRESOLVED_NOT_RECONCILED,,,ABSENT,false
PYR 2,/documents/744,ATTRIBUTED_EXACT_SOURCE_RECORD,UNRESOLVED_NO_USABLE_REFERENCE,,,,,[],UNRESOLVED_EDITION_CONTENT_NOT_ACQUIRED,UNRESOLVED_EDITION_CONTENT_NOT_ACQUIRED,UNRESOLVED_NOT_RECONCILED,,,ABSENT,false
SY Za 4,/documents/745,ATTRIBUTED_EXACT_SOURCE_RECORD,UNRESOLVED_NO_USABLE_REFERENCE,,,,,[],UNRESOLVED_EDITION_CONTENT_NOT_ACQUIRED,UNRESOLVED_EDITION_CONTENT_NOT_ACQUIRED,UNRESOLVED_NOT_RECONCILED,,,ABSENT,false
THE 10,/documents/746,ATTRIBUTED_EXACT_SOURCE_RECORD,SOURCE_POINTS_TO_LATER_EDITION,,,,,[],UNRESOLVED_EDITION_CONTENT_NOT_ACQUIRED,UNRESOLVED_EDITION_CONTENT_NOT_ACQUIRED,SOURCE_REPORTED_PUBLICATION_SECTION_CANDIDATE,https://editions.efa.gr/?r=publication&id=1050,49,,false
THE 11,/documents/747,ATTRIBUTED_EXACT_SOURCE_RECORD,SOURCE_POINTS_TO_LATER_EDITION,,,,,[],UNRESOLVED_EDITION_CONTENT_NOT_ACQUIRED,UNRESOLVED_EDITION_CONTENT_NOT_ACQUIRED,SOURCE_REPORTED_PUBLICATION_SECTION_CANDIDATE,https://editions.efa.gr/?r=publication&id=1050,49,,false
THE 12,/documents/748,ATTRIBUTED_EXACT_SOURCE_RECORD,SOURCE_POINTS_TO_LATER_EDITION,,,,,[],UNRESOLVED_EDITION_CONTENT_NOT_ACQUIRED,UNRESOLVED_EDITION_CONTENT_NOT_ACQUIRED,SOURCE_REPORTED_PUBLICATION_SECTION_CANDIDATE,https://editions.efa.gr/?r=publication&id=1050,49,,false
THE 7a,/documents/749,ATTRIBUTED_EXACT_SOURCE_RECORD,SOURCE_POINTS_TO_LATER_EDITION,,,,,[],UNRESOLVED_EDITION_CONTENT_NOT_ACQUIRED,UNRESOLVED_EDITION_CONTENT_NOT_ACQUIRED,SOURCE_REPORTED_PUBLICATION_SECTION_CANDIDATE,https://editions.efa.gr/?r=publication&id=1050,49,,false
THE 7b,/documents/750,ATTRIBUTED_EXACT_SOURCE_RECORD,SOURCE_POINTS_TO_LATER_EDITION,,,,,[],UNRESOLVED_EDITION_CONTENT_NOT_ACQUIRED,UNRESOLVED_EDITION_CONTENT_NOT_ACQUIRED,SOURCE_REPORTED_PUBLICATION_SECTION_CANDIDATE,https://editions.efa.gr/?r=publication&id=1050,49,,false
THE 8,/documents/751,ATTRIBUTED_EXACT_SOURCE_RECORD,SOURCE_POINTS_TO_LATER_EDITION,,,,,[],UNRESOLVED_EDITION_CONTENT_NOT_ACQUIRED,UNRESOLVED_EDITION_CONTENT_NOT_ACQUIRED,SOURCE_REPORTED_PUBLICATION_SECTION_CANDIDATE,https://editions.efa.gr/?r=publication&id=1050,49,,false
THE 9,/documents/752,ATTRIBUTED_EXACT_SOURCE_RECORD,SOURCE_POINTS_TO_LATER_EDITION,,,,,[],UNRESOLVED_EDITION_CONTENT_NOT_ACQUIRED,UNRESOLVED_EDITION_CONTENT_NOT_ACQUIRED,SOURCE_REPORTED_PUBLICATION_SECTION_CANDIDATE,https://editions.efa.gr/?r=publication&id=1050,49,,false
TY 2,/documents/753,ATTRIBUTED_EXACT_SOURCE_RECORD,SOURCE_REPORTED_PAGE_LOCATOR,1,360,https://cefael.efa.gr/detail.php?site_id=1&actionID=page&serie_id=EtCret&volume_number=21&issue_number=1&sp=360,,[],UNRESOLVED_EDITION_CONTENT_NOT_ACQUIRED,UNRESOLVED_EDITION_CONTENT_NOT_ACQUIRED,UNRESOLVED_NOT_RECONCILED,,,,false
TY 3a,/documents/754,ATTRIBUTED_EXACT_SOURCE_RECORD,SOURCE_REPORTED_PAGE_LOCATOR,1,362,https://cefael.efa.gr/detail.php?site_id=1&actionID=page&serie_id=EtCret&volume_number=21&issue_number=1&sp=362,,[],UNRESOLVED_EDITION_CONTENT_NOT_ACQUIRED,UNRESOLVED_EDITION_CONTENT_NOT_ACQUIRED,UNRESOLVED_NOT_RECONCILED,,,,false
TY 3b,/documents/755,ATTRIBUTED_EXACT_SOURCE_RECORD,SOURCE_REPORTED_PAGE_LOCATOR,1,364,https://cefael.efa.gr/detail.php?site_id=1&actionID=page&serie_id=EtCret&volume_number=21&issue_number=1&sp=364,,[],UNRESOLVED_EDITION_CONTENT_NOT_ACQUIRED,UNRESOLVED_EDITION_CONTENT_NOT_ACQUIRED,UNRESOLVED_NOT_RECONCILED,,,,false
ZA 10a,/documents/756,ATTRIBUTED_EXACT_SOURCE_RECORD,SOURCE_REPORTED_PAGE_LOCATOR,3,192,https://cefael.efa.gr/detail.php?site_id=1&actionID=page&serie_id=EtCret&volume_number=21&issue_number=3&sp=192,,[],UNRESOLVED_EDITION_CONTENT_NOT_ACQUIRED,UNRESOLVED_EDITION_CONTENT_NOT_ACQUIRED,UNRESOLVED_NOT_RECONCILED,,,,false
ZA 10b,/documents/757,ATTRIBUTED_EXACT_SOURCE_RECORD,SOURCE_REPORTED_PAGE_LOCATOR,3,194,https://cefael.efa.gr/detail.php?site_id=1&actionID=page&serie_id=EtCret&volume_number=21&issue_number=3&sp=194,,[],UNRESOLVED_EDITION_CONTENT_NOT_ACQUIRED,UNRESOLVED_EDITION_CONTENT_NOT_ACQUIRED,UNRESOLVED_NOT_RECONCILED,,,,false
ZA 11a,/documents/758,ATTRIBUTED_EXACT_SOURCE_RECORD,SOURCE_REPORTED_PAGE_LOCATOR,3,196,https://cefael.efa.gr/detail.php?site_id=1&actionID=page&serie_id=EtCret&volume_number=21&issue_number=3&sp=196,,[],UNRESOLVED_EDITION_CONTENT_NOT_ACQUIRED,UNRESOLVED_EDITION_CONTENT_NOT_ACQUIRED,UNRESOLVED_NOT_RECONCILED,,,,false
ZA 11b,/documents/759,ATTRIBUTED_EXACT_SOURCE_RECORD,SOURCE_REPORTED_PAGE_LOCATOR,3,198,https://cefael.efa.gr/detail.php?site_id=1&actionID=page&serie_id=EtCret&volume_number=21&issue_number=3&sp=198,,[],UNRESOLVED_EDITION_CONTENT_NOT_ACQUIRED,UNRESOLVED_EDITION_CONTENT_NOT_ACQUIRED,UNRESOLVED_NOT_RECONCILED,,,,false
ZA 12a,/documents/760,ATTRIBUTED_EXACT_SOURCE_RECORD,SOURCE_REPORTED_PAGE_LOCATOR,3,200,https://cefael.efa.gr/detail.php?site_id=1&actionID=page&serie_id=EtCret&volume_number=21&issue_number=3&sp=200,,[],UNRESOLVED_EDITION_CONTENT_NOT_ACQUIRED,UNRESOLVED_EDITION_CONTENT_NOT_ACQUIRED,UNRESOLVED_NOT_RECONCILED,,,,false
ZA 12b,/documents/761,ATTRIBUTED_EXACT_SOURCE_RECORD,SOURCE_REPORTED_PAGE_LOCATOR,3,200,https://cefael.efa.gr/detail.php?site_id=1&actionID=page&serie_id=EtCret&volume_number=21&issue_number=3&sp=200,,[],UNRESOLVED_EDITION_CONTENT_NOT_ACQUIRED,UNRESOLVED_EDITION_CONTENT_NOT_ACQUIRED,UNRESOLVED_NOT_RECONCILED,,,,false
ZA 13,/documents/762,ATTRIBUTED_EXACT_SOURCE_RECORD,SOURCE_REPORTED_PAGE_LOCATOR,3,202,https://cefael.efa.gr/detail.php?site_id=1&actionID=page&serie_id=EtCret&volume_number=21&issue_number=3&sp=202,,[],UNRESOLVED_EDITION_CONTENT_NOT_ACQUIRED,UNRESOLVED_EDITION_CONTENT_NOT_ACQUIRED,UNRESOLVED_NOT_RECONCILED,,,,false
ZA 14,/documents/763,ATTRIBUTED_EXACT_SOURCE_RECORD,SOURCE_REPORTED_PAGE_LOCATOR,3,204,https://cefael.efa.gr/detail.php?site_id=1&actionID=page&serie_id=EtCret&volume_number=21&issue_number=3&sp=204,,[],UNRESOLVED_EDITION_CONTENT_NOT_ACQUIRED,UNRESOLVED_EDITION_CONTENT_NOT_ACQUIRED,UNRESOLVED_NOT_RECONCILED,,,,false
ZA 15a,/documents/764,ATTRIBUTED_EXACT_SOURCE_RECORD,SOURCE_REPORTED_PAGE_LOCATOR,3,206,https://cefael.efa.gr/detail.php?site_id=1&actionID=page&serie_id=EtCret&volume_number=21&issue_number=3&sp=206,,[],UNRESOLVED_EDITION_CONTENT_NOT_ACQUIRED,UNRESOLVED_EDITION_CONTENT_NOT_ACQUIRED,UNRESOLVED_NOT_RECONCILED,,,,false
ZA 15b,/documents/765,ATTRIBUTED_EXACT_SOURCE_RECORD,SOURCE_REPORTED_PAGE_LOCATOR,3,208,https://cefael.efa.gr/detail.php?site_id=1&actionID=page&serie_id=EtCret&volume_number=21&issue_number=3&sp=208,,[],UNRESOLVED_EDITION_CONTENT_NOT_ACQUIRED,UNRESOLVED_EDITION_CONTENT_NOT_ACQUIRED,UNRESOLVED_NOT_RECONCILED,,,,false
ZA 16,/documents/766,ATTRIBUTED_EXACT_SOURCE_RECORD,SOURCE_REPORTED_PAGE_LOCATOR,3,210,https://cefael.efa.gr/detail.php?site_id=1&actionID=page&serie_id=EtCret&volume_number=21&issue_number=3&sp=210,,[],UNRESOLVED_EDITION_CONTENT_NOT_ACQUIRED,UNRESOLVED_EDITION_CONTENT_NOT_ACQUIRED,UNRESOLVED_NOT_RECONCILED,,,,false
ZA 18a,/documents/767,ATTRIBUTED_EXACT_SOURCE_RECORD,SOURCE_REPORTED_PAGE_LOCATOR,3,214,https://cefael.efa.gr/detail.php?site_id=1&actionID=page&serie_id=EtCret&volume_number=21&issue_number=3&sp=214,,[],UNRESOLVED_EDITION_CONTENT_NOT_ACQUIRED,UNRESOLVED_EDITION_CONTENT_NOT_ACQUIRED,UNRESOLVED_NOT_RECONCILED,,,,false
ZA 18b,/documents/768,ATTRIBUTED_EXACT_SOURCE_RECORD,SOURCE_REPORTED_PAGE_LOCATOR,3,214,https://cefael.efa.gr/detail.php?site_id=1&actionID=page&serie_id=EtCret&volume_number=21&issue_number=3&sp=214,,[],UNRESOLVED_EDITION_CONTENT_NOT_ACQUIRED,UNRESOLVED_EDITION_CONTENT_NOT_ACQUIRED,UNRESOLVED_NOT_RECONCILED,,,,false
ZA 19,/documents/769,ATTRIBUTED_EXACT_SOURCE_RECORD,SOURCE_REPORTED_PAGE_LOCATOR,3,216,https://cefael.efa.gr/detail.php?site_id=1&actionID=page&serie_id=EtCret&volume_number=21&issue_number=3&sp=216,,[],UNRESOLVED_EDITION_CONTENT_NOT_ACQUIRED,UNRESOLVED_EDITION_CONTENT_NOT_ACQUIRED,UNRESOLVED_NOT_RECONCILED,,,,false
ZA 1a,/documents/770,ATTRIBUTED_EXACT_SOURCE_RECORD,SOURCE_REPORTED_PAGE_LOCATOR,1,368,https://cefael.efa.gr/detail.php?site_id=1&actionID=page&serie_id=EtCret&volume_number=21&issue_number=1&sp=368,,[],UNRESOLVED_EDITION_CONTENT_NOT_ACQUIRED,UNRESOLVED_EDITION_CONTENT_NOT_ACQUIRED,UNRESOLVED_NOT_RECONCILED,,,,false
ZA 1b,/documents/771,ATTRIBUTED_EXACT_SOURCE_RECORD,SOURCE_REPORTED_PAGE_LOCATOR,1,368,https://cefael.efa.gr/detail.php?site_id=1&actionID=page&serie_id=EtCret&volume_number=21&issue_number=1&sp=368,,[],UNRESOLVED_EDITION_CONTENT_NOT_ACQUIRED,UNRESOLVED_EDITION_CONTENT_NOT_ACQUIRED,UNRESOLVED_NOT_RECONCILED,,,,false
ZA 20,/documents/772,ATTRIBUTED_EXACT_SOURCE_RECORD,SOURCE_REPORTED_PAGE_LOCATOR,3,216,https://cefael.efa.gr/detail.php?site_id=1&actionID=page&serie_id=EtCret&volume_number=21&issue_number=3&sp=216,,[],UNRESOLVED_EDITION_CONTENT_NOT_ACQUIRED,UNRESOLVED_EDITION_CONTENT_NOT_ACQUIRED,UNRESOLVED_NOT_RECONCILED,,,,false
ZA 21a,/documents/773,ATTRIBUTED_EXACT_SOURCE_RECORD,SOURCE_REPORTED_PAGE_LOCATOR,3,218,https://cefael.efa.gr/detail.php?site_id=1&actionID=page&serie_id=EtCret&volume_number=21&issue_number=3&sp=218,,[],UNRESOLVED_EDITION_CONTENT_NOT_ACQUIRED,UNRESOLVED_EDITION_CONTENT_NOT_ACQUIRED,UNRESOLVED_NOT_RECONCILED,,,,false
ZA 21b,/documents/774,ATTRIBUTED_EXACT_SOURCE_RECORD,SOURCE_REPORTED_PAGE_LOCATOR,3,220,https://cefael.efa.gr/detail.php?site_id=1&actionID=page&serie_id=EtCret&volume_number=21&issue_number=3&sp=220,,[],UNRESOLVED_EDITION_CONTENT_NOT_ACQUIRED,UNRESOLVED_EDITION_CONTENT_NOT_ACQUIRED,UNRESOLVED_NOT_RECONCILED,,,,false
ZA 22,/documents/775,ATTRIBUTED_EXACT_SOURCE_RECORD,SOURCE_REPORTED_PAGE_LOCATOR,3,222,https://cefael.efa.gr/detail.php?site_id=1&actionID=page&serie_id=EtCret&volume_number=21&issue_number=3&sp=222,,[],UNRESOLVED_EDITION_CONTENT_NOT_ACQUIRED,UNRESOLVED_EDITION_CONTENT_NOT_ACQUIRED,UNRESOLVED_NOT_RECONCILED,,,,false
ZA 23,/documents/776,ATTRIBUTED_EXACT_SOURCE_RECORD,SOURCE_REPORTED_PAGE_LOCATOR,3,224,https://cefael.efa.gr/detail.php?site_id=1&actionID=page&serie_id=EtCret&volume_number=21&issue_number=3&sp=224,,[],UNRESOLVED_EDITION_CONTENT_NOT_ACQUIRED,UNRESOLVED_EDITION_CONTENT_NOT_ACQUIRED,UNRESOLVED_NOT_RECONCILED,,,,false
ZA 24a,/documents/777,ATTRIBUTED_EXACT_SOURCE_RECORD,SOURCE_REPORTED_PAGE_LOCATOR,3,224,https://cefael.efa.gr/detail.php?site_id=1&actionID=page&serie_id=EtCret&volume_number=21&issue_number=3&sp=224,,[],UNRESOLVED_EDITION_CONTENT_NOT_ACQUIRED,UNRESOLVED_EDITION_CONTENT_NOT_ACQUIRED,UNRESOLVED_NOT_RECONCILED,,,,false
ZA 24b,/documents/778,ATTRIBUTED_EXACT_SOURCE_RECORD,SOURCE_REPORTED_PAGE_LOCATOR,3,224,https://cefael.efa.gr/detail.php?site_id=1&actionID=page&serie_id=EtCret&volume_number=21&issue_number=3&sp=224,,[],UNRESOLVED_EDITION_CONTENT_NOT_ACQUIRED,UNRESOLVED_EDITION_CONTENT_NOT_ACQUIRED,UNRESOLVED_NOT_RECONCILED,,,,false
ZA 25,/documents/779,ATTRIBUTED_EXACT_SOURCE_RECORD,SOURCE_REPORTED_PAGE_LOCATOR,3,226,https://cefael.efa.gr/detail.php?site_id=1&actionID=page&serie_id=EtCret&volume_number=21&issue_number=3&sp=226,,[],UNRESOLVED_EDITION_CONTENT_NOT_ACQUIRED,UNRESOLVED_EDITION_CONTENT_NOT_ACQUIRED,UNRESOLVED_NOT_RECONCILED,,,,false
ZA 26a,/documents/780,ATTRIBUTED_EXACT_SOURCE_RECORD,SOURCE_REPORTED_PAGE_LOCATOR,3,226,https://cefael.efa.gr/detail.php?site_id=1&actionID=page&serie_id=EtCret&volume_number=21&issue_number=3&sp=226,,[],UNRESOLVED_EDITION_CONTENT_NOT_ACQUIRED,UNRESOLVED_EDITION_CONTENT_NOT_ACQUIRED,UNRESOLVED_NOT_RECONCILED,,,,false
ZA 26b,/documents/781,ATTRIBUTED_EXACT_SOURCE_RECORD,SOURCE_REPORTED_PAGE_LOCATOR,3,226,https://cefael.efa.gr/detail.php?site_id=1&actionID=page&serie_id=EtCret&volume_number=21&issue_number=3&sp=226,,[],UNRESOLVED_EDITION_CONTENT_NOT_ACQUIRED,UNRESOLVED_EDITION_CONTENT_NOT_ACQUIRED,UNRESOLVED_NOT_RECONCILED,,,,false
ZA 27,/documents/782,ATTRIBUTED_EXACT_SOURCE_RECORD,SOURCE_REPORTED_PAGE_LOCATOR,3,228,https://cefael.efa.gr/detail.php?site_id=1&actionID=page&serie_id=EtCret&volume_number=21&issue_number=3&sp=228,,[],UNRESOLVED_EDITION_CONTENT_NOT_ACQUIRED,UNRESOLVED_EDITION_CONTENT_NOT_ACQUIRED,UNRESOLVED_NOT_RECONCILED,,,,false
ZA 28,/documents/783,ATTRIBUTED_EXACT_SOURCE_RECORD,SOURCE_REPORTED_PAGE_LOCATOR,3,228,https://cefael.efa.gr/detail.php?site_id=1&actionID=page&serie_id=EtCret&volume_number=21&issue_number=3&sp=228,,[],UNRESOLVED_EDITION_CONTENT_NOT_ACQUIRED,UNRESOLVED_EDITION_CONTENT_NOT_ACQUIRED,UNRESOLVED_NOT_RECONCILED,,,,false
ZA 29,/documents/784,ATTRIBUTED_EXACT_SOURCE_RECORD,SOURCE_REPORTED_PAGE_LOCATOR,3,230,https://cefael.efa.gr/detail.php?site_id=1&actionID=page&serie_id=EtCret&volume_number=21&issue_number=3&sp=230,,[],UNRESOLVED_EDITION_CONTENT_NOT_ACQUIRED,UNRESOLVED_EDITION_CONTENT_NOT_ACQUIRED,UNRESOLVED_NOT_RECONCILED,,,,false
ZA 30,/documents/785,ATTRIBUTED_EXACT_SOURCE_RECORD,SOURCE_REPORTED_PAGE_LOCATOR,3,230,https://cefael.efa.gr/detail.php?site_id=1&actionID=page&serie_id=EtCret&volume_number=21&issue_number=3&sp=230,,[],UNRESOLVED_EDITION_CONTENT_NOT_ACQUIRED,UNRESOLVED_EDITION_CONTENT_NOT_ACQUIRED,UNRESOLVED_NOT_RECONCILED,,,,false
ZA 31,/documents/786,ATTRIBUTED_EXACT_SOURCE_RECORD,SOURCE_REPORTED_PAGE_LOCATOR,3,232,https://cefael.efa.gr/detail.php?site_id=1&actionID=page&serie_id=EtCret&volume_number=21&issue_number=3&sp=232,,[],UNRESOLVED_EDITION_CONTENT_NOT_ACQUIRED,UNRESOLVED_EDITION_CONTENT_NOT_ACQUIRED,UNRESOLVED_NOT_RECONCILED,,,,false
ZA 32,/documents/787,ATTRIBUTED_EXACT_SOURCE_RECORD,SOURCE_REPORTED_PAGE_LOCATOR,3,232,https://cefael.efa.gr/detail.php?site_id=1&actionID=page&serie_id=EtCret&volume_number=21&issue_number=3&sp=232,,[],UNRESOLVED_EDITION_CONTENT_NOT_ACQUIRED,UNRESOLVED_EDITION_CONTENT_NOT_ACQUIRED,UNRESOLVED_NOT_RECONCILED,,,,false
ZA 33,/documents/788,ATTRIBUTED_EXACT_SOURCE_RECORD,SOURCE_REPORTED_PAGE_LOCATOR,3,232,https://cefael.efa.gr/detail.php?site_id=1&actionID=page&serie_id=EtCret&volume_number=21&issue_number=3&sp=232,,[],UNRESOLVED_EDITION_CONTENT_NOT_ACQUIRED,UNRESOLVED_EDITION_CONTENT_NOT_ACQUIRED,UNRESOLVED_NOT_RECONCILED,,,,false
ZA 4a,/documents/789,ATTRIBUTED_EXACT_SOURCE_RECORD,SOURCE_REPORTED_PAGE_LOCATOR,3,172,https://cefael.efa.gr/detail.php?site_id=1&actionID=page&serie_id=EtCret&volume_number=21&issue_number=3&sp=172,,[],UNRESOLVED_EDITION_CONTENT_NOT_ACQUIRED,UNRESOLVED_EDITION_CONTENT_NOT_ACQUIRED,UNRESOLVED_NOT_RECONCILED,,,,false
ZA 4b,/documents/790,ATTRIBUTED_EXACT_SOURCE_RECORD,SOURCE_REPORTED_PAGE_LOCATOR,3,174,https://cefael.efa.gr/detail.php?site_id=1&actionID=page&serie_id=EtCret&volume_number=21&issue_number=3&sp=174,,[],UNRESOLVED_EDITION_CONTENT_NOT_ACQUIRED,UNRESOLVED_EDITION_CONTENT_NOT_ACQUIRED,UNRESOLVED_NOT_RECONCILED,,,,false
ZA 5a,/documents/791,ATTRIBUTED_EXACT_SOURCE_RECORD,SOURCE_REPORTED_PAGE_LOCATOR,3,176,https://cefael.efa.gr/detail.php?site_id=1&actionID=page&serie_id=EtCret&volume_number=21&issue_number=3&sp=176,,[],UNRESOLVED_EDITION_CONTENT_NOT_ACQUIRED,UNRESOLVED_EDITION_CONTENT_NOT_ACQUIRED,UNRESOLVED_NOT_RECONCILED,,,,false
ZA 5b,/documents/792,ATTRIBUTED_EXACT_SOURCE_RECORD,SOURCE_REPORTED_PAGE_LOCATOR,3,178,https://cefael.efa.gr/detail.php?site_id=1&actionID=page&serie_id=EtCret&volume_number=21&issue_number=3&sp=178,,[],UNRESOLVED_EDITION_CONTENT_NOT_ACQUIRED,UNRESOLVED_EDITION_CONTENT_NOT_ACQUIRED,UNRESOLVED_NOT_RECONCILED,,,,false
ZA 6a,/documents/793,ATTRIBUTED_EXACT_SOURCE_RECORD,SOURCE_REPORTED_PAGE_LOCATOR,3,180,https://cefael.efa.gr/detail.php?site_id=1&actionID=page&serie_id=EtCret&volume_number=21&issue_number=3&sp=180,,[],UNRESOLVED_EDITION_CONTENT_NOT_ACQUIRED,UNRESOLVED_EDITION_CONTENT_NOT_ACQUIRED,UNRESOLVED_NOT_RECONCILED,,,,false
ZA 6b,/documents/794,ATTRIBUTED_EXACT_SOURCE_RECORD,SOURCE_REPORTED_PAGE_LOCATOR,3,182,https://cefael.efa.gr/detail.php?site_id=1&actionID=page&serie_id=EtCret&volume_number=21&issue_number=3&sp=182,,[],UNRESOLVED_EDITION_CONTENT_NOT_ACQUIRED,UNRESOLVED_EDITION_CONTENT_NOT_ACQUIRED,UNRESOLVED_NOT_RECONCILED,,,,false
ZA 7a,/documents/795,ATTRIBUTED_EXACT_SOURCE_RECORD,SOURCE_REPORTED_PAGE_LOCATOR,3,184,https://cefael.efa.gr/detail.php?site_id=1&actionID=page&serie_id=EtCret&volume_number=21&issue_number=3&sp=184,,[],UNRESOLVED_EDITION_CONTENT_NOT_ACQUIRED,UNRESOLVED_EDITION_CONTENT_NOT_ACQUIRED,UNRESOLVED_NOT_RECONCILED,,,,false
ZA 7b,/documents/796,ATTRIBUTED_EXACT_SOURCE_RECORD,SOURCE_REPORTED_PAGE_LOCATOR,3,186,https://cefael.efa.gr/detail.php?site_id=1&actionID=page&serie_id=EtCret&volume_number=21&issue_number=3&sp=186,,[],UNRESOLVED_EDITION_CONTENT_NOT_ACQUIRED,UNRESOLVED_EDITION_CONTENT_NOT_ACQUIRED,UNRESOLVED_NOT_RECONCILED,,,,false
ZA 8,/documents/797,ATTRIBUTED_EXACT_SOURCE_RECORD,SOURCE_REPORTED_PAGE_LOCATOR,3,188,https://cefael.efa.gr/detail.php?site_id=1&actionID=page&serie_id=EtCret&volume_number=21&issue_number=3&sp=188,,[],UNRESOLVED_EDITION_CONTENT_NOT_ACQUIRED,UNRESOLVED_EDITION_CONTENT_NOT_ACQUIRED,UNRESOLVED_NOT_RECONCILED,,,,false
ZA 9,/documents/798,ATTRIBUTED_EXACT_SOURCE_RECORD,SOURCE_REPORTED_PAGE_LOCATOR,3,190,https://cefael.efa.gr/detail.php?site_id=1&actionID=page&serie_id=EtCret&volume_number=21&issue_number=3&sp=190,,[],UNRESOLVED_EDITION_CONTENT_NOT_ACQUIRED,UNRESOLVED_EDITION_CONTENT_NOT_ACQUIRED,UNRESOLVED_NOT_RECONCILED,,,,false
ZA Wc 2,/documents/799,ATTRIBUTED_EXACT_SOURCE_RECORD,SOURCE_REPORTED_PAGE_LOCATOR,2,158,https://cefael.efa.gr/detail.php?site_id=1&actionID=page&serie_id=EtCret&volume_number=21&issue_number=2&sp=158,,[],UNRESOLVED_EDITION_CONTENT_NOT_ACQUIRED,UNRESOLVED_EDITION_CONTENT_NOT_ACQUIRED,UNRESOLVED_NOT_RECONCILED,,,,false
`KE Wc 2a,/documents/800,ATTRIBUTED_EXACT_SOURCE_RECORD,SOURCE_REPORTED_PAGE_LOCATOR,2,140,https://cefael.efa.gr/detail.php?site_id=1&actionID=page&serie_id=EtCret&volume_number=21&issue_number=2&sp=140,,[],UNRESOLVED_EDITION_CONTENT_NOT_ACQUIRED,UNRESOLVED_EDITION_CONTENT_NOT_ACQUIRED,UNRESOLVED_NOT_RECONCILED,,,,false
`KE Wc 2b,/documents/801,ATTRIBUTED_EXACT_SOURCE_RECORD,SOURCE_REPORTED_PAGE_LOCATOR,2,140,https://cefael.efa.gr/detail.php?site_id=1&actionID=page&serie_id=EtCret&volume_number=21&issue_number=2&sp=140,,[],UNRESOLVED_EDITION_CONTENT_NOT_ACQUIRED,UNRESOLVED_EDITION_CONTENT_NOT_ACQUIRED,UNRESOLVED_NOT_RECONCILED,,,,false
